0
3 200
8 14 2 
-0.749752223491669 0.428293138742447 -0.532828807830811 0.118288032710552 -0.542427003383636 0.854827880859375 1.041412234306335 0.648723244667053 0.227028980851173 0.052969805896282 0.137427747249603 0.319643855094910 -0.795220971107483 0.216981172561646 -0.099378108978271 
-0.583529949188232 1.338336586952209 -0.546753048896790 -1.424451351165771 -0.680208742618561 -0.180841043591499 0.287898033857346 1.095303773880005 0.311421602964401 0.666197955608368 -1.028569698333740 0.485822319984436 -0.058196738362312 0.019099831581116 0.789673864841461 
-0.257556676864624 1.114980578422546 -1.374990701675415 -0.563103854656219 -0.417412340641022 0.629911065101624 1.012238264083862 -0.148598745465279 0.597628057003021 -0.410005778074265 -0.412061542272568 -0.247409582138062 -1.013617992401123 -0.515181005001068 0.194559007883072 
0.699459016323090 0.794898092746735 -0.674375414848328 0.643906235694885 0.506192326545715 -1.043980717658997 1.094244003295898 0.114895828068256 0.404150694608688 0.135758593678474 -0.776561915874481 0.861693024635315 -0.918433904647827 -0.899451911449432 0.041792370378971 
0.032964956015348 -0.291993021965027 -0.189021185040474 0.265451401472092 -0.223456621170044 -2.793516397476196 -0.361511170864105 0.711955606937408 0.782382488250732 0.483514368534088 -0.034701317548752 0.123575329780579 -0.404120981693268 -0.546469807624817 0.362213820219040 
0.122926592826843 -0.324675977230072 -0.278212636709213 -0.536582589149475 -0.240262120962143 0.945349335670471 0.965057730674744 -0.681288719177246 0.053770560771227 -0.529509127140045 -1.029793739318848 0.742190599441528 0.134783610701561 0.458862662315369 -1.008537650108337 
-0.000727697042748 0.075157985091209 -0.996491909027100 0.992507219314575 0.556707501411438 -0.160395517945290 -0.322643160820007 -0.026752891018987 0.014968740753829 -0.347797453403473 -0.794835686683655 -0.290655076503754 0.139040097594261 -0.882336676120758 -0.623271822929382 
-0.904649019241333 -0.101974166929722 -0.946992158889771 -0.537043750286102 0.359926432371140 0.299750477075577 0.421283423900604 -0.368320226669312 -0.549979925155640 0.567412853240967 -0.081123851239681 0.655689120292664 -1.075463294982910 0.266827702522278 0.604424536228180 

0.008404470980167 0.110916920006275 0.399460643529892 
0.966005921363831 -0.831437826156616 -0.486604183912277 
-0.515327632427216 0.402185857295990 -0.196973264217377 
-0.495831698179245 0.452135711908340 0.780401468276978 
-0.218223318457603 -0.323816299438477 0.713387370109558 
-0.205109611153603 0.205110311508179 0.271369576454163 
-0.438220739364624 0.438221931457520 -0.033609986305237 
-0.271404743194580 0.746764659881592 -0.180083751678467 
0.312178939580917 -0.364243328571320 0.531193494796753 
-0.250382870435715 -0.225051626563072 0.281037807464600 
-0.890408813953400 0.331395268440247 0.370421528816223 
0.218838602304459 -0.214125409722328 0.509328722953796 
-0.889228701591492 -0.197981119155884 -0.959251224994659 
0.310473322868347 -0.806725382804871 -0.993789970874786 

