0
3 200
8 14 2 
-0.749734699726105 0.428293138742447 -0.532828807830811 0.118288032710552 -0.542487561702728 0.809033870697021 1.041412234306335 0.648764967918396 0.226955592632294 0.052968598902225 0.137427747249603 0.319643855094910 -0.885596036911011 0.344856739044189 -0.099370278418064 
-0.583529949188232 1.338336586952209 -0.546753048896790 -1.424451351165771 -0.680208742618561 -0.182966753840446 0.285917580127716 1.095683574676514 0.308219075202942 0.666177809238434 -1.028569698333740 0.485822319984436 -0.077949658036232 0.860446214675903 0.789673864841461 
-0.256767332553864 1.114980578422546 -1.374990701675415 -0.563103854656219 -0.419822067022324 0.624697864055634 1.012437462806702 -0.148029536008835 0.597628057003021 -0.410019427537918 -0.412061542272568 -0.247409582138062 -0.959403395652771 -0.808645784854889 0.194559007883072 
0.699867248535156 0.794898092746735 -0.674375414848328 0.643906235694885 0.505147099494934 -1.024630308151245 1.094140768051147 0.114895828068256 0.404150694608688 0.135758593678474 -0.776561915874481 0.861693024635315 -0.946489155292511 0.518559098243713 0.041792370378971 
0.032964956015348 -0.291993021965027 -0.189021185040474 0.265451401472092 -0.223456621170044 -2.778259038925171 -0.360837668180466 0.711955606937408 0.782382488250732 0.483514368534088 -0.034701317548752 0.123575329780579 -0.403779655694962 -0.008693516254425 0.362178832292557 
0.123298451304436 -0.324675977230072 -0.278212636709213 -0.536582589149475 -0.241486296057701 0.931241810321808 0.965188205242157 -0.681058645248413 0.053634233772755 -0.529507398605347 -1.029793739318848 0.742190599441528 0.147117421030998 0.394664049148560 -1.004572153091431 
-0.000723177043255 0.075157985091209 -0.996491909027100 0.992507219314575 0.556707501411438 -0.156966939568520 -0.322674036026001 -0.026747111231089 0.014960883185267 -0.347797453403473 -0.794835686683655 -0.290655076503754 0.152686566114426 0.051778197288513 -0.623271822929382 
-0.904387533664703 -0.101974166929722 -0.946992158889771 -0.537043750286102 0.358875215053558 0.310305356979370 0.421128273010254 -0.367986947298050 -0.550970673561096 0.567412734031677 -0.081123851239681 0.655689120292664 -1.152520537376404 -0.055664956569672 0.604424536228180 

0.008290968835354 0.111030712723732 0.321880906820297 
0.855199515819550 -0.721309602260590 -0.409432262182236 
-0.515327632427216 0.402185857295990 -0.196973264217377 
-0.495831698179245 0.452135711908340 0.780401468276978 
-0.218679159879684 -0.323358952999115 0.713387370109558 
-0.186477228999138 0.186505839228630 0.271369576454163 
-0.249977573752403 0.249765828251839 -0.033609986305237 
-0.307400405406952 0.784083485603333 -0.180083751678467 
0.201402842998505 -0.254149705171585 0.531193494796753 
-0.286379337310791 -0.187713876366615 0.281037807464600 
-0.890408813953400 0.331395268440247 0.370421528816223 
0.108002915978432 -0.103974610567093 0.509328722953796 
-1.845234990119934 1.820426821708679 -0.959251224994659 
0.986154675483704 -0.105712771415710 0.949242949485779 

