0
3 200
8 14 2 
-0.749755382537842 0.428293138742447 -0.532828807830811 0.118288032710552 -0.542416155338287 0.878065764904022 1.041412234306335 0.648704349994659 0.227061137557030 0.052959978580475 0.137427747249603 0.319643855094910 -0.803164005279541 -0.181179523468018 -0.099379003047943 
-0.583529949188232 1.338336586952209 -0.546753048896790 -1.424451351165771 -0.680208742618561 -0.180820643901825 0.288770824670792 1.095176339149475 0.312817335128784 0.666111230850220 -1.028569698333740 0.485822319984436 -0.409617245197296 -0.637811601161957 0.789673864841461 
-0.257843136787415 1.114980578422546 -1.374990701675415 -0.563103854656219 -0.416324228048325 0.632142007350922 1.012128472328186 -0.148781061172485 0.597628057003021 -0.410128086805344 -0.412061542272568 -0.247409582138062 -0.940989434719086 0.417812108993530 0.194559007883072 
0.699309706687927 0.794898092746735 -0.674375414848328 0.643906235694885 0.506663918495178 -1.053191304206848 1.094323754310608 0.114895828068256 0.404150694608688 0.135758593678474 -0.776561915874481 0.861693024635315 -0.945914566516876 0.432900071144104 0.041792370378971 
0.032964956015348 -0.291993021965027 -0.189021185040474 0.265451401472092 -0.223456621170044 -2.800355195999146 -0.361832737922668 0.711955606937408 0.782382488250732 0.483514368534088 -0.034701317548752 0.123575329780579 -0.404069513082504 0.196115732192993 0.362221002578735 
0.122791312634945 -0.324675977230072 -0.278212636709213 -0.536582589149475 -0.239710509777069 0.952736437320709 0.964996218681335 -0.681361615657806 0.053831737488508 -0.529545783996582 -1.029793739318848 0.742190599441528 0.096668660640717 0.876658558845520 -1.009225964546204 
-0.000729338848032 0.075157985091209 -0.996491909027100 0.992507219314575 0.556707501411438 -0.162066534161568 -0.322634816169739 -0.026754692196846 0.014972437173128 -0.347797453403473 -0.794835686683655 -0.290655076503754 0.136015474796295 0.378349304199219 -0.623252868652344 
-0.904740035533905 -0.101974166929722 -0.946992158889771 -0.537043750286102 0.360400021076202 0.296740710735321 0.421355307102203 -0.368425905704498 -0.549533903598785 0.567340195178986 -0.081123851239681 0.655689120292664 -1.264343619346619 0.019155502319336 0.604424536228180 

0.008445301093161 0.110875740647316 0.407294303178787 
0.995690107345581 -0.861108064651489 -0.494398653507233 
-0.515327632427216 0.402185857295990 -0.196973264217377 
-0.495831698179245 0.452135711908340 0.780401468276978 
-0.218021959066391 -0.324017196893692 0.713387370109558 
-0.224297821521759 0.224302247166634 0.271369576454163 
-0.440537661314011 0.440353363752365 -0.033609986305237 
-0.275869250297546 0.751276016235352 -0.180083751678467 
0.341836929321289 -0.393893420696259 0.531193494796753 
-0.254876554012299 -0.220497682690620 0.281037807464600 
-0.890408813953400 0.331395268440247 0.370421528816223 
0.248520180583000 -0.243791118264198 0.509328722953796 
-0.751101315021515 0.468656152486801 -0.959251224994659 
0.124414563179016 -0.016027152538300 0.231239676475525 

