0
3 200
8 14 2 
-0.749755561351776 0.428293138742447 -0.532828807830811 0.118288032710552 -0.542426705360413 0.867584347724915 1.041412234306335 0.648719072341919 0.226995483040810 0.052969053387642 0.137427747249603 0.319643855094910 -0.803648114204407 -0.076358199119568 -0.099379405379295 
-0.583529949188232 1.338336586952209 -0.546753048896790 -1.424451351165771 -0.680208742618561 -0.180823668837547 0.288385093212128 1.095237731933594 0.309883594512939 0.666193366050720 -1.028569698333740 0.485822319984436 -0.017112307250500 -0.773431658744812 0.789673864841461 
-0.257719397544861 1.114980578422546 -1.374990701675415 -0.563103854656219 -0.416830688714981 0.631227612495422 1.012173771858215 -0.148704707622528 0.597628057003021 -0.410013169050217 -0.412061542272568 -0.247409582138062 -0.952728569507599 0.143787741661072 0.194559007883072 
0.699374556541443 0.794898092746735 -0.674375414848328 0.643906235694885 0.506444156169891 -1.049030184745789 1.094292283058167 0.114895828068256 0.404150694608688 0.135758593678474 -0.776561915874481 0.861693024635315 -0.954179048538208 0.282350301742554 0.041792370378971 
0.032964956015348 -0.291993021965027 -0.189021185040474 0.265451401472092 -0.223456621170044 -2.797285318374634 -0.361685693264008 0.711955606937408 0.782382488250732 0.483514368534088 -0.034701317548752 0.123575329780579 -0.404004067182541 0.577524542808533 0.362221002578735 
0.122849613428116 -0.324675977230072 -0.278212636709213 -0.536582589149475 -0.239967316389084 0.949083149433136 0.965025365352631 -0.681329786777496 0.053716968744993 -0.529508233070374 -1.029793739318848 0.742190599441528 0.089682422578335 0.432601690292358 -1.009165287017822 
-0.000728630227968 0.075157985091209 -0.996491909027100 0.992507219314575 0.556707501411438 -0.161323383450508 -0.322634965181351 -0.026753962039948 0.014965241774917 -0.347797453403473 -0.794835686683655 -0.290655076503754 0.139995560050011 0.616775989532471 -0.623253285884857 
-0.904701530933380 -0.101974166929722 -0.946992158889771 -0.537043750286102 0.360178917646408 0.298314452171326 0.421318769454956 -0.368379682302475 -0.550442576408386 0.567408204078674 -0.081123851239681 0.655689120292664 -1.019087553024292 -0.549025416374207 0.604420363903046 

0.008428055793047 0.110893517732620 0.406859427690506 
0.982473254203796 -0.847899138927460 -0.493991136550903 
-0.515327632427216 0.402185857295990 -0.196973264217377 
-0.495831698179245 0.452135711908340 0.780401468276978 
-0.218113765120506 -0.323924362659454 0.713387370109558 
-0.215155005455017 0.215155854821205 0.271369576454163 
-0.443939626216888 0.443941950798035 -0.033609986305237 
-0.271591901779175 0.746934592723846 -0.180083751678467 
0.328662276268005 -0.380726933479309 0.531193494796753 
-0.250569880008698 -0.224870160222054 0.281037807464600 
-0.890408813953400 0.331395268440247 0.370421528816223 
0.235294163227081 -0.230576887726784 0.509328722953796 
-0.817741334438324 -0.521826744079590 -0.959251224994659 
-0.323089778423309 -0.428707659244537 0.963898897171021 

