0
3 200
8 16 2 
0.031479343771935 0.106888495385647 0.802363097667694 -0.319368451833725 -0.673448443412781 0.183623269200325 0.159639000892639 -0.828527331352234 0.739987671375275 -0.235557705163956 0.354805320501328 0.467008024454117 -0.240832254290581 0.925777316093445 0.901524186134338 0.066700696945190 0.071311414241791 
0.099309615790844 0.874842464923859 2.035030126571655 2.190505027770996 -0.307713985443115 0.485061138868332 0.810304284095764 0.940434396266937 1.005306363105774 -0.324304252862930 0.781433701515198 -0.992599427700043 0.235598132014275 0.872621297836304 0.937287867069244 0.153022766113281 -0.987321257591248 
3.026759386062622 1.260230541229248 -1.071531057357788 4.590596199035645 -0.891248285770416 -1.542901515960693 0.945158720016479 -0.621025264263153 0.965731441974640 -0.375767827033997 1.111101984977722 -0.476899385452271 0.456868529319763 -0.087356925010681 -0.209210827946663 0.984047174453735 0.671192169189453 
1.697985172271729 -0.562414228916168 0.905401408672333 -0.311546474695206 -0.525632798671722 -0.634214460849762 -0.822394967079163 -0.299133777618408 0.309289485216141 -0.841027736663818 -0.917764365673065 0.620888650417328 -0.493711531162262 -0.773468315601349 -0.795247912406921 0.581724166870117 0.946074903011322 
-1.058909654617310 -0.348336577415466 1.207491517066956 -1.805774450302124 -0.303283274173737 -0.163574576377869 0.733268380165100 0.430800914764404 -0.360364913940430 -0.955210566520691 0.151054382324219 -0.282174527645111 0.660764157772064 0.705975055694580 0.174326524138451 -0.280968725681305 0.161178082227707 
-0.117102801799774 0.814239621162415 0.139881506562233 1.284937977790833 -1.148675441741943 0.003590121632442 0.653750061988831 -0.326953530311584 -0.928317070007324 -0.900818586349487 -0.570709705352783 0.066193804144859 0.383369296789169 0.852124035358429 -0.436400860548019 -0.865232706069946 -0.381317675113678 
0.453589797019958 0.452809363603592 -0.198039263486862 0.090448349714279 -0.113030560314655 -0.639868617057800 0.086078166961670 0.388680040836334 0.457491546869278 0.016196012496948 -0.381768643856049 0.390928596258163 0.418074101209641 -0.500208020210266 -0.236970320343971 0.687946557998657 -0.804541110992432 
0.472897708415985 0.212500482797623 0.768731594085693 1.330644845962524 0.266117006540298 -0.527911841869354 -0.240726768970490 0.921844840049744 -0.077564567327499 0.259951561689377 -0.267535120248795 -0.209009259939194 0.009931816719472 0.678691983222961 0.298938602209091 0.173333287239075 0.251171916723251 

0.461717039346695 -0.461711615324020 0.154249131679535 
5.548002243041992 -5.567759513854980 -0.405729353427887 
-1.383225798606873 1.189587116241455 -0.053307712078094 
0.832123398780823 -0.832434952259064 -0.885598182678223 
0.820858418941498 -0.781470894813538 -0.326797902584076 
-0.781976461410522 0.781975150108337 -0.378426432609558 
-1.142664074897766 0.956790685653687 -0.982298314571381 
0.449992477893829 -0.642327368259430 0.662895202636719 
-3.667035818099976 3.680709123611450 0.006443142890930 
4.101711750030518 -4.092332363128662 -0.383483529090881 
-1.109092116355896 1.451037168502808 0.418781638145447 
-0.646088600158691 0.757749319076538 0.275325536727905 
0.181437522172928 -0.019589021801949 -0.829862117767334 
0.166311860084534 -0.226462692022324 -0.795904994010925 
0.515148937702179 -0.129083678126335 0.196272492408752 
0.804129004478455 -0.749830722808838 0.233883857727051 

