1
3 200
8 14 2 
-0.749734699726105 0.428293138742447 -0.532828807830811 0.118288032710552 -0.542489588260651 0.796831965446472 1.041412234306335 0.648785829544067 0.226937741041183 0.052978936582804 0.137427747249603 0.319643855094910 0.678598880767822 -0.345574021339417 -0.099367670714855 
-0.583529949188232 1.338336586952209 -0.546753048896790 -1.424451351165771 -0.680208742618561 -0.181935280561447 0.285543352365494 1.095892190933228 0.307311654090881 0.666277945041656 -1.028569698333740 0.485822319984436 -0.995563805103302 0.746925115585327 0.789673864841461 
-0.256516605615616 1.114980578422546 -1.374990701675415 -0.563103854656219 -0.420660048723221 0.623916327953339 1.012478709220886 -0.147773802280426 0.597628057003021 -0.409893274307251 -0.412061542272568 -0.247409582138062 -0.369069755077362 -0.087789893150330 0.194559007883072 
0.699993312358856 0.794898092746735 -0.674375414848328 0.643906235694885 0.504791617393494 -1.023751139640808 1.094057321548462 0.114895828068256 0.404150694608688 0.135758593678474 -0.776561915874481 0.861693024635315 0.541415572166443 -0.506813228130341 0.041792370378971 
0.032964956015348 -0.291993021965027 -0.189021185040474 0.265451401472092 -0.223456621170044 -2.773495197296143 -0.360734850168228 0.711955606937408 0.782382488250732 0.483514368534088 -0.034701317548752 0.123575329780579 0.149695992469788 0.820671200752258 0.362168401479721 
0.123415686190128 -0.324675977230072 -0.278212636709213 -0.536582589149475 -0.241911903023720 0.927086651325226 0.965218305587769 -0.680954337120056 0.053603056818247 -0.529453277587891 -1.029793739318848 0.742190599441528 0.875955462455750 -0.328861832618713 -1.003678679466248 
-0.000721749442164 0.075157985091209 -0.996491909027100 0.992507219314575 0.556707501411438 -0.156149342656136 -0.322674036026001 -0.026745155453682 0.014958841726184 -0.347797453403473 -0.794835686683655 -0.290655076503754 -0.595296502113342 0.569375395774841 -0.623271822929382 
-0.904311835765839 -0.101974166929722 -0.946992158889771 -0.537043750286102 0.358503073453903 0.314050048589706 0.421102911233902 -0.367840081453323 -0.551247239112854 0.567475318908691 -0.081123851239681 0.655689120292664 0.738526344299316 0.520010828971863 0.604424536228180 

0.000000000000000 1.000000000000000 0.339126199483871 
0.000000000000000 0.500000000000000 -0.426122337579727 
0.000000000000000 0.250000000000000 -0.196973264217377 
0.000000000000000 0.125000000000000 0.780401468276978 
0.000000000000000 0.062500000000000 0.713387370109558 
0.000000000000000 0.031250000000000 0.271369576454163 
0.000000000000000 0.015625000000000 -0.033609986305237 
0.000000000000000 0.007812500000000 -0.180083751678467 
0.000000000000000 0.003906250000000 0.531193494796753 
0.000000000000000 0.001953125000000 0.281037807464600 
0.000000000000000 0.000976562500000 0.370421528816223 
0.000000000000000 0.000488281250000 0.509328722953796 
0.000000000000000 0.000244140625000 -0.959251224994659 
0.000000000000000 0.000122070312500 -0.043299555778503 

