NN001
3 200
7 23 2 
-0.716852247714996 -0.540302515029907 -0.311965525150299 -0.739154338836670 0.899416923522949 -0.759618878364563 -0.833927810192108 -0.472684741020203 -0.661523461341858 -0.964114427566528 -0.787789583206177 -0.867949783802032 0.885427594184875 -0.579265594482422 0.334740281105042 -0.855558693408966 0.284757018089294 0.075240135192871 -0.268726646900177 -0.295241534709930 -0.035333812236786 0.129964113235474 0.278395175933838 -0.634284853935242 
-0.447692394256592 -0.181782186031342 -0.258580327033997 0.195985913276672 -0.924758970737457 0.077094435691833 -0.633464872837067 -0.158380389213562 -0.940887391567230 -0.099830925464630 -0.934565484523773 -0.627815365791321 0.850175142288208 -0.341232120990753 0.024920344352722 -0.158882439136505 -0.949969530105591 -0.063895165920258 0.078670024871826 -0.927378416061401 -0.817783296108246 0.108527898788452 0.307267427444458 -0.116330027580261 
-0.587014138698578 0.088371515274048 -0.178294122219086 -0.994357168674469 0.005779623985291 0.274769306182861 -0.609507083892822 0.027938961982727 -0.798437654972076 -0.594553232192993 -0.554401218891144 0.051366806030273 -0.165020465850830 -0.729912757873535 -0.571156680583954 0.036693215370178 -0.548942565917969 -0.136123359203339 -0.869154214859009 -0.674179077148438 -0.576359510421753 -0.054417014122009 0.834532022476196 0.751925706863403 
0.567650675773621 -0.749517083168030 -0.457550048828125 0.430621385574341 -0.471044838428497 -0.906824648380280 -0.719719707965851 0.085613369941711 -0.009005665779114 -0.355054020881653 -0.288237512111664 -0.779870748519897 -0.945144355297089 0.159634947776794 -0.862755715847015 -0.922175586223602 -0.788287699222565 -0.441934585571289 -0.191434085369110 -0.927451789379120 -0.152077794075012 -0.479472637176514 0.720568180084229 -0.726496517658234 
-0.471038341522217 -0.044233798980713 -0.508586943149567 -0.729687929153442 -0.832231819629669 -0.536275029182434 -0.882441997528076 -0.457413733005524 0.192400932312012 -0.710596263408661 -0.065557837486267 -0.294221401214600 -0.966797888278961 0.157137393951416 -0.231079220771790 -0.471969246864319 -0.522484660148621 -0.765066504478455 -0.581780314445496 -0.057159721851349 0.002330422401428 0.273248910903931 -0.061190187931061 -0.544563174247742 
-0.729127049446106 -0.742235660552979 -0.913992285728455 0.699115753173828 0.027815937995911 0.886397719383240 -0.791979551315308 0.553842782974243 -0.550995826721191 -0.760787844657898 0.190944314002991 -0.136095941066742 -0.523606777191162 -0.844525098800659 0.458525657653809 0.188320279121399 -0.770312368869781 -0.510979533195496 0.915248155593872 -0.839909732341766 -0.107140362262726 0.835379242897034 0.214932322502136 -0.909792780876160 
0.304122447967529 0.547287464141846 -0.254476785659790 -0.891732573509216 -0.950448870658875 -0.423555314540863 -0.783968567848206 -0.745337128639221 -0.409532487392426 -0.231258869171143 -0.703099012374878 -0.865324974060059 0.268744468688965 0.276328563690186 -0.414337396621704 -0.987877249717712 0.606792211532593 -0.942695438861847 -0.913336217403412 -0.637027025222778 -0.779430449008942 -0.979868650436401 -0.199214339256287 0.935845851898193 

0.000000000000000 1.000000000000000 -0.884994804859161 
0.000000000000000 0.500000000000000 0.015762209892273 
0.000000000000000 0.250000000000000 -0.761030852794647 
0.000000000000000 0.125000000000000 -0.630503535270691 
0.000000000000000 0.062500000000000 -0.368825495243073 
0.000000000000000 0.031250000000000 0.330946564674377 
0.000000000000000 0.015625000000000 0.243146300315857 
0.000000000000000 0.007812500000000 0.449912786483765 
0.000000000000000 0.003906250000000 -0.549500226974487 
0.000000000000000 0.001953125000000 -0.383743166923523 
0.000000000000000 0.000976562500000 -0.897099971771240 
0.000000000000000 0.000488281250000 0.822748661041260 
0.000000000000000 0.000244140625000 0.233593583106995 
0.000000000000000 0.000122070312500 0.201957702636719 
0.000000000000000 0.000061035156250 -0.488464117050171 
0.000000000000000 0.000030517578125 0.850400209426880 
0.000000000000000 0.000015258789062 -0.082574188709259 
0.000000000000000 0.000007629394531 -0.081843376159668 
0.000000000000000 0.000003814697266 -0.712503194808960 
0.000000000000000 0.000001907348633 -0.441849827766418 
0.000000000000000 0.000000953674316 -0.389476835727692 
0.000000000000000 0.000000476837158 0.051184296607971 
0.000000000000000 0.000000238418579 -0.591104030609131 

