-1
3 200
13 28 2 
-0.497481912374496 0.426804542541504 -1.429191231727600 -1.151319384574890 -0.149366304278374 0.593837857246399 0.394273340702057 0.910222530364990 0.239019110798836 -0.680225789546967 -0.871831119060516 -0.125708475708961 -0.038121860474348 -0.870567381381989 -0.580613195896149 0.427263557910919 0.498988777399063 0.112849496304989 0.103114418685436 0.557481706142426 0.928773522377014 -0.632055044174194 -0.352874457836151 -0.301637142896652 -0.959324240684509 0.866624951362610 -0.145911231637001 0.371296167373657 -0.272011250257492 
0.135704070329666 0.705094993114471 1.024253487586975 -0.617051720619202 0.936164259910583 0.626447439193726 -0.450658321380615 -0.395154327154160 -0.110337555408478 -0.661857247352600 -0.055470526218414 -0.442474722862244 0.619766831398010 0.533205866813660 0.944911658763885 0.584347069263458 0.243865728378296 0.042974531650543 0.024414658546448 -0.404895961284637 0.089287519454956 0.677043855190277 -0.364233136177063 0.537685990333557 0.496814012527466 0.820282816886902 -0.392048776149750 0.835357546806335 -0.794538855552673 
-1.074577927589417 0.504604578018188 -0.759524226188660 -0.262549430131912 0.249199673533440 -0.748694300651550 0.150611311197281 -0.751705765724182 -0.830036103725433 0.785607695579529 -0.822408437728882 -0.968611598014832 0.990468740463257 0.823088765144348 0.901092827320099 -0.084400378167629 0.432630330324173 0.550781607627869 -0.274371415376663 -0.277459233999252 -0.114544674754143 0.067422837018967 -0.844629704952240 0.819802224636078 -0.549475133419037 -0.736200392246246 0.186749011278152 0.411944270133972 0.135977536439896 
-0.027168294414878 0.680052518844604 -0.066341362893581 -1.003180027008057 -0.173744902014732 -0.253101944923401 -0.137628436088562 -0.419256478548050 -0.299996435642242 0.807783663272858 -0.888836383819580 -0.922183275222778 0.082876421511173 0.862799286842346 -0.154506027698517 -0.117746695876122 -0.364105165004730 -0.430827409029007 0.090150237083435 0.553964972496033 0.410937547683716 -0.317534714937210 0.143057301640511 -0.055115573108196 0.991906762123108 -0.240703001618385 -0.151645243167877 -0.132915377616882 0.087574981153011 
0.869752168655396 0.877014875411987 0.013688407838345 0.028484886512160 0.180420413613319 -0.063884019851685 -0.876339793205261 -0.530250489711761 0.585247159004211 -0.455400794744492 -0.569660246372223 0.813251852989197 0.617693603038788 0.961828470230103 0.311631053686142 0.305853337049484 0.017379283905029 0.060827188193798 0.019072055816650 0.237553179264069 0.523184537887573 -0.313512146472931 -0.369385689496994 0.971530914306641 0.210744380950928 0.500208020210266 -0.313606053590775 -0.134339451789856 0.844441294670105 
-0.827122449874878 0.513588368892670 0.142151743173599 0.474172949790955 -0.303364604711533 0.143540382385254 -0.607774674892426 0.104871273040771 -0.241134375333786 0.223710238933563 0.459484934806824 -0.591197431087494 0.617762804031372 0.788191676139832 -0.133185803890228 0.822503149509430 0.610309004783630 0.812179625034332 -0.021221697330475 0.865749120712280 0.645453453063965 0.752971827983856 -0.211971372365952 -0.681217193603516 0.634180426597595 0.043276339769363 0.538705825805664 0.410301804542542 -0.440193444490433 
-0.011443967930973 -0.773645281791687 -0.400533646345139 0.479062736034393 -0.549218714237213 -0.811987280845642 -0.738643884658813 0.139144077897072 -0.115558333694935 0.947881698608398 0.290949344635010 -0.591369211673737 -0.099689617753029 0.006484478712082 -0.882760643959045 -0.446050494909286 -0.496804803609848 -0.355979621410370 0.701957821846008 -0.315778225660324 0.984250783920288 -0.316626429557800 0.568367838859558 -0.486075103282928 -0.918938636779785 -0.677461922168732 -0.314437687397003 -0.819301903247833 0.426703751087189 
0.972717702388763 -0.568325102329254 -0.899884581565857 0.717329859733582 -0.849946618080139 -0.427179217338562 -0.489380598068237 -0.816760897636414 -0.443292886018753 -0.244555234909058 -0.490005075931549 0.592426896095276 0.776691913604736 0.130470588803291 -0.622375667095184 0.285236060619354 0.996109485626221 -0.898976027965546 0.770418286323547 0.208190917968750 -0.583845734596252 0.830982804298401 -0.128388911485672 1.032507777214050 0.504343152046204 0.289603769779205 0.870670616626740 0.037340044975281 -0.945680141448975 
0.313230186700821 0.838711857795715 -0.736543416976929 0.493178606033325 -0.189194127917290 -0.758577823638916 -0.689781904220581 -0.878461539745331 0.740492403507233 -0.599756538867950 -0.835840225219727 0.164819121360779 -0.576968908309937 -0.639768362045288 -0.998121738433838 0.504478693008423 -0.036388814449310 -0.212150380015373 -0.183523833751678 -0.920087575912476 0.936615586280823 -0.041941940784454 -0.988512337207794 -0.910340487957001 0.975275039672852 -0.601423621177673 -0.229991585016251 -0.404529631137848 -0.254874736070633 
-0.895665585994720 -0.661689460277557 0.645346581935883 -0.342749834060669 0.911546826362610 -0.833217978477478 0.421865284442902 0.369971424341202 0.845744729042053 -0.450854927301407 0.728075861930847 -0.779702901840210 0.149834066629410 0.565587282180786 0.811070978641510 -0.242214322090149 0.625496864318848 -0.333474487066269 0.944887876510620 -0.729401528835297 0.822336554527283 0.011780363507569 0.076379060745239 -0.000197790621314 -0.143577694892883 -0.187202870845795 0.981817364692688 0.735463619232178 -0.050613511353731 
-0.403826922178268 0.768037080764771 0.142153814435005 -0.702811539173126 0.202045559883118 0.780723810195923 -1.518576383590698 -0.468063592910767 -0.210618972778320 -0.423072248697281 -0.293552517890930 0.815622389316559 0.972476243972778 0.596803724765778 -0.816594719886780 0.992665171623230 0.086296439170837 -0.306102633476257 0.098396062850952 0.499867439270020 -0.722067475318909 0.967902481555939 0.366793334484100 -0.859536588191986 0.115851163864136 -0.798395156860352 -0.698898136615753 0.350601911544800 0.215188026428223 
-1.082316637039185 0.890852451324463 -1.122072815895081 -0.308168232440948 -0.520874798297882 0.451685220003128 -0.213766321539879 0.021033458411694 -0.803223431110382 -0.083246707916260 -0.075834996998310 0.590283036231995 0.814008772373199 -0.853703379631042 0.048709198832512 -0.287073999643326 0.791770637035370 0.091172404587269 0.182496950030327 -0.650969922542572 -0.325001031160355 -0.385176062583923 0.384071797132492 -0.436146497726440 -0.784321069717407 0.661374866962433 -0.454616338014603 -0.920665562152863 -0.929989993572235 
0.767474174499512 -0.588516473770142 1.043170809745789 0.219269186258316 -0.773835122585297 0.162759065628052 -0.983606278896332 0.675814390182495 0.414708316326141 0.082353755831718 0.213228702545166 0.355515003204346 -0.408095777034760 0.413883686065674 -0.076702408492565 -0.943758010864258 -0.616510629653931 0.846082031726837 -0.074268698692322 0.305387258529663 0.323895454406738 -0.463098645210266 0.670047700405121 0.518442273139954 0.425529837608337 0.868082284927368 0.170591056346893 0.148370981216431 0.828394532203674 

0.000000000000000 1.000000000000000 -5.598716259002686 
0.000000000000000 0.500000000000000 5.881204128265381 
0.000000000000000 0.250000000000000 0.043562769889832 
0.000000000000000 0.125000000000000 0.221242427825928 
0.000000000000000 0.062500000000000 -0.550921916961670 
0.000000000000000 0.031250000000000 0.166909217834473 
0.000000000000000 0.015625000000000 -0.459843754768372 
0.000000000000000 0.007812500000000 -0.025795042514801 
0.000000000000000 0.003906250000000 -0.859756350517273 
0.000000000000000 0.001953125000000 -0.084102749824524 
0.000000000000000 0.000976562500000 -0.272810697555542 
0.000000000000000 0.000488281250000 0.830240964889526 
0.000000000000000 0.000244140625000 0.506256580352783 
-0.492383211851120 0.584166347980499 0.847609519958496 
-0.187858328223228 0.106803990900517 0.040120005607605 
-1.087983846664429 1.304953932762146 0.752741456031799 
-0.875225126743317 0.680278062820435 -0.548377513885498 
0.850740551948547 -0.224709257483482 -0.763239562511444 
-1.036045312881470 -0.081227242946625 0.170990943908691 
0.382539361715317 -0.403103023767471 0.557427406311035 
0.116429522633553 0.296513289213181 0.233596682548523 
1.604945063591003 -1.680736064910889 -0.598405599594116 
-0.651333928108215 0.107563003897667 -0.700441241264343 
-0.724450826644897 0.497123479843140 -0.378416180610657 
0.444194287061691 -0.797472655773163 -0.044952511787415 
0.476899236440659 -0.305386126041412 0.951524853706360 
-0.220815271139145 0.702428817749023 -0.137331187725067 
-0.890045881271362 0.790146827697754 0.584241867065430 

