-1
3 200
8 12 2 
-0.749734699726105 0.428293138742447 -0.532828807830811 0.118288032710552 -0.542510449886322 0.774574756622314 1.041412234306335 0.648806691169739 0.226906031370163 0.052995394915342 0.137427747249603 0.319643855094910 -0.099365063011646 
-0.583529949188232 1.338336586952209 -0.546753048896790 -1.424451351165771 -0.680208742618561 -0.181721299886703 0.284856855869293 1.096142530441284 0.305921703577042 0.666417360305786 -1.028569698333740 0.485822319984436 0.789673864841461 
-0.256133854389191 1.114980578422546 -1.374990701675415 -0.563103854656219 -0.421719223260880 0.621455729007721 1.012546300888062 -0.147415861487389 0.597628057003021 -0.409690737724304 -0.412061542272568 -0.247409582138062 0.194559007883072 
0.700181066989899 0.794898092746735 -0.674375414848328 0.643906235694885 0.504341661930084 -1.016234874725342 1.093982934951782 0.114895828068256 0.404150694608688 0.135758593678474 -0.776561915874481 0.861693024635315 0.041792370378971 
0.032964956015348 -0.291993021965027 -0.189021185040474 0.265451401472092 -0.223456621170044 -2.764952182769775 -0.360583156347275 0.711955606937408 0.782382488250732 0.483514368534088 -0.034701317548752 0.123575329780579 0.362157970666885 
0.123595617711544 -0.324675977230072 -0.278212636709213 -0.536582589149475 -0.242451906204224 0.919477462768555 0.965260446071625 -0.680808365345001 0.053547888994217 -0.529376745223999 -1.029793739318848 0.742190599441528 -1.001845359802246 
-0.000719552277587 0.075157985091209 -0.996491909027100 0.992507219314575 0.556707501411438 -0.154527992010117 -0.322684466838837 -0.026741893962026 0.014955495484173 -0.347797453403473 -0.794835686683655 -0.290655076503754 -0.623271822929382 
-0.904186666011810 -0.101974166929722 -0.946992158889771 -0.537043750286102 0.358036100864410 0.323344320058823 0.421054035425186 -0.367631524801254 -0.551662087440491 0.567596137523651 -0.081123851239681 0.655689120292664 0.604424536228180 

0.008201005868614 0.111120663583279 0.395801335573196 
0.969868838787079 -0.833225190639496 -0.481530070304871 
-0.515327632427216 0.402185857295990 -0.196973264217377 
-0.495831698179245 0.452135711908340 0.780401468276978 
-0.219039887189865 -0.322993010282516 0.713387370109558 
-0.192500084638596 0.192505657672882 0.271369576454163 
-0.348939776420593 0.348309576511383 -0.033609986305237 
-0.292137026786804 0.767365694046021 -0.180083751678467 
0.316136956214905 -0.366119146347046 0.531193494796753 
-0.271089792251587 -0.204445123672485 0.281037807464600 
-0.890408813953400 0.331395268440247 0.370421528816223 
0.222680091857910 -0.215880692005157 0.509328722953796 

