-1
3 200
8 11 2 
-0.749734699726105 0.428293138742447 -0.532828807830811 0.118288032710552 -0.542551875114441 0.730876684188843 1.041412234306335 0.648848414421082 0.226814106106758 0.053030643612146 0.167988657951355 -0.099357239902020 
-0.583529949188232 1.338336586952209 -0.546753048896790 -1.424451351165771 -0.680208742618561 -0.180240765213966 0.283289074897766 1.096544623374939 0.301677435636520 0.666732966899872 -0.037388086318970 0.789673864841461 
-0.255385726690292 1.114980578422546 -1.374990701675415 -0.563103854656219 -0.423366755247116 0.617642402648926 1.012698054313660 -0.146865099668503 0.597628057003021 -0.409251064062119 0.213396549224854 0.194559007883072 
0.700567483901978 0.794898092746735 -0.674375414848328 0.643906235694885 0.503637552261353 -1.003512382507324 1.093843698501587 0.114895828068256 0.404150694608688 0.135758593678474 -0.637507796287537 0.041792370378971 
0.032964956015348 -0.291993021965027 -0.189021185040474 0.265451401472092 -0.223456621170044 -2.747272729873657 -0.360216885805130 0.711955606937408 0.782382488250732 0.483514368534088 0.978673338890076 0.362137109041214 
0.123947724699974 -0.324675977230072 -0.278212636709213 -0.536582589149475 -0.243290781974792 0.902908682823181 0.965351700782776 -0.680580317974091 0.053347289562225 -0.529210329055786 -0.794723212718964 -0.998371064662933 
-0.000715271802619 0.075157985091209 -0.996491909027100 0.992507219314575 0.556707501411438 -0.151385113596916 -0.322710782289505 -0.026736682280898 0.014944546855986 -0.347797453403473 -0.791952967643738 -0.623271822929382 
-0.903954684734344 -0.101974166929722 -0.946992158889771 -0.537043750286102 0.357309877872467 0.342792719602585 0.420937448740005 -0.367310851812363 -0.552983760833740 0.567859530448914 0.159079790115356 0.604424536228180 

0.008094187825918 0.111227340996265 0.442843765020370 
1.047287583351135 -0.909750103950500 -0.528010845184326 
-0.515327632427216 0.402185857295990 -0.196973264217377 
-0.495831698179245 0.452135711908340 0.780401468276978 
-0.219358295202255 -0.322671741247177 0.713387370109558 
-0.212143555283546 0.212166562676430 0.271369576454163 
-0.429064422845840 0.426917403936386 -0.033609986305237 
-0.262525796890259 0.737320303916931 -0.180083751678467 
0.393606126308441 -0.442689746618271 0.531193494796753 
-0.241431236267090 -0.234510585665703 0.281037807464600 
-0.947371244430542 0.253422260284424 0.370421528816223 

