0,1.000,22.080,11.460,2.000,4.000,4.000,1.585,0.000,0.000,0.000,1.000,2.000,100.000,1213.000,1.000
1,0.000,22.670,7.000,2.000,8.000,4.000,0.165,0.000,0.000,0.000,0.000,2.000,160.000,1.000,1.000
2,0.000,29.580,1.750,1.000,4.000,4.000,1.250,0.000,0.000,0.000,1.000,2.000,280.000,1.000,1.000
3,0.000,21.670,11.500,1.000,5.000,3.000,0.000,1.000,1.000,11.000,1.000,2.000,0.000,1.000,2.000
4,1.000,20.170,8.170,2.000,6.000,4.000,1.960,1.000,1.000,14.000,0.000,2.000,60.000,159.000,2.000
5,0.000,15.830,0.585,2.000,8.000,8.000,1.500,1.000,1.000,2.000,0.000,2.000,100.000,1.000,2.000
6,1.000,17.420,6.500,2.000,3.000,4.000,0.125,0.000,0.000,0.000,0.000,2.000,60.000,101.000,1.000
7,0.000,58.670,4.460,2.000,11.000,8.000,3.040,1.000,1.000,6.000,0.000,2.000,43.000,561.000,2.000
8,1.000,27.830,1.000,1.000,2.000,8.000,3.000,0.000,0.000,0.000,0.000,2.000,176.000,538.000,1.000
9,0.000,55.750,7.080,2.000,4.000,8.000,6.750,1.000,1.000,3.000,1.000,2.000,100.000,51.000,1.000
10,1.000,33.500,1.750,2.000,14.000,8.000,4.500,1.000,1.000,4.000,1.000,2.000,253.000,858.000,2.000
11,1.000,41.420,5.000,2.000,11.000,8.000,5.000,1.000,1.000,6.000,1.000,2.000,470.000,1.000,2.000
12,1.000,20.670,1.250,1.000,8.000,8.000,1.375,1.000,1.000,3.000,1.000,2.000,140.000,211.000,1.000
13,1.000,34.920,5.000,2.000,14.000,8.000,7.500,1.000,1.000,6.000,1.000,2.000,0.000,1001.000,2.000
14,1.000,58.580,2.710,2.000,8.000,4.000,2.415,0.000,0.000,0.000,1.000,2.000,320.000,1.000,1.000
15,1.000,48.080,6.040,2.000,4.000,4.000,0.040,0.000,0.000,0.000,0.000,2.000,0.000,2691.000,2.000
16,1.000,29.580,4.500,2.000,9.000,4.000,7.500,1.000,1.000,2.000,1.000,2.000,330.000,1.000,2.000
17,0.000,18.920,9.000,2.000,6.000,4.000,0.750,1.000,1.000,2.000,0.000,2.000,88.000,592.000,2.000
18,1.000,20.000,1.250,1.000,4.000,4.000,0.125,0.000,0.000,0.000,0.000,2.000,140.000,5.000,1.000
19,0.000,22.420,5.665,2.000,11.000,4.000,2.585,1.000,1.000,7.000,0.000,2.000,129.000,3258.000,2.000
20,0.000,28.170,0.585,2.000,6.000,4.000,0.040,0.000,0.000,0.000,0.000,2.000,260.000,1005.000,1.000
21,0.000,19.170,0.585,1.000,6.000,4.000,0.585,1.000,0.000,0.000,1.000,2.000,160.000,1.000,1.000
22,1.000,41.170,1.335,2.000,2.000,4.000,0.165,0.000,0.000,0.000,0.000,2.000,168.000,1.000,1.000
23,1.000,41.580,1.750,2.000,4.000,4.000,0.210,1.000,0.000,0.000,0.000,2.000,160.000,1.000,1.000
24,1.000,19.500,9.585,2.000,6.000,4.000,0.790,0.000,0.000,0.000,0.000,2.000,80.000,351.000,1.000
25,1.000,32.750,1.500,2.000,13.000,8.000,5.500,1.000,1.000,3.000,1.000,2.000,0.000,1.000,2.000
26,1.000,22.500,0.125,1.000,4.000,4.000,0.125,0.000,0.000,0.000,0.000,2.000,200.000,71.000,1.000
27,1.000,33.170,3.040,1.000,8.000,8.000,2.040,1.000,1.000,1.000,1.000,2.000,180.000,18028.000,2.000
28,0.000,30.670,12.000,2.000,8.000,4.000,2.000,1.000,1.000,1.000,0.000,2.000,220.000,20.000,2.000
29,1.000,23.080,2.500,2.000,8.000,4.000,1.085,1.000,1.000,11.000,1.000,2.000,60.000,2185.000,2.000
30,1.000,27.000,0.750,2.000,8.000,8.000,4.250,1.000,1.000,3.000,1.000,2.000,312.000,151.000,2.000
31,0.000,20.420,10.500,1.000,14.000,8.000,0.000,0.000,0.000,0.000,1.000,2.000,154.000,33.000,1.000
32,1.000,52.330,1.375,1.000,8.000,8.000,9.460,1.000,0.000,0.000,1.000,2.000,200.000,101.000,1.000
33,1.000,23.080,11.500,2.000,9.000,8.000,2.125,1.000,1.000,11.000,1.000,2.000,290.000,285.000,2.000
34,1.000,42.830,1.250,2.000,7.000,4.000,13.875,0.000,1.000,1.000,1.000,2.000,352.000,113.000,1.000
35,1.000,74.830,19.000,1.000,1.000,1.000,0.040,0.000,1.000,2.000,0.000,2.000,0.000,352.000,1.000
36,1.000,25.000,12.500,2.000,6.000,4.000,3.000,1.000,0.000,0.000,1.000,1.000,20.000,1.000,2.000
37,1.000,39.580,13.915,2.000,9.000,4.000,8.625,1.000,1.000,6.000,1.000,2.000,70.000,1.000,2.000
38,0.000,47.750,8.000,2.000,8.000,4.000,7.875,1.000,1.000,6.000,1.000,2.000,0.000,1261.000,2.000
39,0.000,47.420,3.000,2.000,14.000,4.000,13.875,1.000,1.000,2.000,1.000,2.000,519.000,1705.000,2.000
40,1.000,23.170,0.000,2.000,13.000,4.000,0.085,1.000,0.000,0.000,0.000,2.000,0.000,1.000,2.000
41,1.000,22.580,1.500,1.000,6.000,4.000,0.540,0.000,0.000,0.000,1.000,2.000,120.000,68.000,1.000
42,1.000,26.750,1.125,2.000,14.000,8.000,1.250,1.000,0.000,0.000,0.000,2.000,0.000,5299.000,2.000
43,1.000,63.330,0.540,2.000,8.000,4.000,0.585,1.000,1.000,3.000,1.000,2.000,180.000,1.000,1.000
44,1.000,23.750,0.415,1.000,8.000,4.000,0.040,0.000,1.000,2.000,0.000,2.000,128.000,7.000,1.000
45,0.000,20.750,10.250,2.000,11.000,4.000,0.710,1.000,1.000,2.000,1.000,2.000,49.000,1.000,2.000
46,0.000,24.500,1.750,1.000,8.000,4.000,0.165,0.000,0.000,0.000,0.000,2.000,132.000,1.000,1.000
47,1.000,16.170,0.040,2.000,8.000,4.000,0.040,0.000,0.000,0.000,0.000,2.000,0.000,1.000,2.000
48,0.000,29.500,2.000,1.000,10.000,8.000,2.000,0.000,0.000,0.000,0.000,2.000,256.000,18.000,1.000
49,0.000,52.830,15.000,2.000,8.000,4.000,5.500,1.000,1.000,14.000,0.000,2.000,0.000,2201.000,2.000
50,1.000,32.330,3.500,2.000,4.000,4.000,0.500,0.000,0.000,0.000,1.000,2.000,232.000,1.000,1.000
51,1.000,21.080,4.125,1.000,3.000,8.000,0.040,0.000,0.000,0.000,0.000,2.000,140.000,101.000,1.000
52,1.000,28.170,0.125,1.000,4.000,4.000,0.085,0.000,0.000,0.000,0.000,2.000,216.000,2101.000,1.000
53,1.000,19.000,1.750,1.000,8.000,4.000,2.335,0.000,0.000,0.000,1.000,2.000,112.000,7.000,1.000
54,1.000,27.580,3.250,1.000,11.000,8.000,5.085,0.000,1.000,2.000,1.000,2.000,369.000,2.000,1.000
55,1.000,27.830,1.500,2.000,9.000,4.000,2.000,1.000,1.000,11.000,1.000,2.000,434.000,36.000,2.000
56,1.000,40.000,6.500,2.000,6.000,5.000,3.500,1.000,1.000,1.000,0.000,2.000,0.000,501.000,2.000
57,0.000,37.330,2.500,2.000,3.000,8.000,0.210,0.000,0.000,0.000,0.000,2.000,260.000,247.000,1.000
58,1.000,42.500,4.915,1.000,9.000,4.000,3.165,1.000,0.000,0.000,1.000,2.000,52.000,1443.000,2.000
59,1.000,56.750,12.250,2.000,7.000,4.000,1.250,1.000,1.000,4.000,1.000,2.000,200.000,1.000,2.000
60,1.000,43.170,5.000,2.000,3.000,5.000,2.250,0.000,0.000,0.000,1.000,2.000,141.000,1.000,1.000
61,0.000,23.750,0.710,2.000,9.000,4.000,0.250,0.000,1.000,1.000,1.000,2.000,240.000,5.000,1.000
62,1.000,18.500,2.000,2.000,3.000,4.000,1.500,1.000,1.000,2.000,0.000,2.000,120.000,301.000,2.000
63,0.000,40.830,3.500,2.000,3.000,5.000,0.500,0.000,0.000,0.000,0.000,1.000,1160.000,1.000,1.000
64,0.000,24.500,0.500,2.000,11.000,8.000,1.500,1.000,0.000,0.000,0.000,2.000,280.000,825.000,2.000
65,1.000,42.000,9.790,2.000,14.000,8.000,7.960,1.000,1.000,8.000,0.000,2.000,0.000,1.000,2.000
66,0.000,19.500,0.165,2.000,11.000,4.000,0.040,0.000,0.000,0.000,1.000,2.000,380.000,1.000,1.000
67,1.000,21.500,11.500,2.000,3.000,4.000,0.500,1.000,0.000,0.000,1.000,2.000,100.000,69.000,1.000
68,1.000,31.250,2.835,2.000,1.000,1.000,0.000,0.000,1.000,5.000,0.000,2.000,176.000,147.000,1.000
69,1.000,27.250,1.585,2.000,13.000,8.000,1.835,1.000,1.000,12.000,1.000,2.000,583.000,714.000,2.000
70,1.000,48.750,26.335,1.000,1.000,1.000,0.000,1.000,0.000,0.000,1.000,2.000,0.000,1.000,1.000
71,0.000,30.420,1.375,2.000,9.000,8.000,0.040,0.000,1.000,3.000,0.000,2.000,0.000,34.000,1.000
72,1.000,29.420,1.250,2.000,9.000,4.000,1.750,0.000,0.000,0.000,0.000,2.000,200.000,1.000,1.000
73,1.000,28.250,5.040,1.000,8.000,5.000,1.500,1.000,1.000,8.000,1.000,2.000,144.000,8.000,2.000
74,1.000,40.250,21.500,2.000,10.000,9.000,20.000,1.000,1.000,11.000,0.000,2.000,0.000,1201.000,2.000
75,1.000,36.500,4.250,2.000,11.000,4.000,3.500,0.000,0.000,0.000,0.000,2.000,454.000,51.000,1.000
76,1.000,25.580,0.335,2.000,4.000,8.000,3.500,0.000,0.000,0.000,1.000,2.000,340.000,1.000,1.000
77,1.000,29.830,3.500,2.000,8.000,4.000,0.165,0.000,0.000,0.000,0.000,2.000,216.000,1.000,1.000
78,1.000,23.080,0.000,2.000,4.000,4.000,1.000,0.000,1.000,11.000,0.000,1.000,0.000,1.000,1.000
79,0.000,32.170,1.460,2.000,9.000,4.000,1.085,1.000,1.000,16.000,0.000,2.000,120.000,2080.000,2.000
80,1.000,25.170,3.500,2.000,13.000,4.000,0.625,1.000,1.000,7.000,0.000,2.000,0.000,7060.000,2.000
81,0.000,35.170,3.750,2.000,1.000,1.000,0.000,0.000,1.000,6.000,0.000,2.000,0.000,201.000,1.000
82,0.000,18.580,10.000,2.000,2.000,4.000,0.415,0.000,0.000,0.000,0.000,2.000,80.000,43.000,1.000
83,1.000,39.920,5.000,2.000,3.000,5.000,0.210,0.000,0.000,0.000,0.000,2.000,550.000,1.000,1.000
84,1.000,23.420,1.000,2.000,8.000,4.000,0.500,0.000,0.000,0.000,1.000,1.000,280.000,1.000,1.000
85,1.000,37.580,0.000,2.000,8.000,4.000,0.000,0.000,0.000,0.000,0.000,3.000,184.000,1.000,2.000
86,0.000,24.750,13.665,2.000,11.000,8.000,1.500,0.000,0.000,0.000,0.000,2.000,280.000,2.000,1.000
87,0.000,47.000,13.000,2.000,3.000,5.000,5.165,1.000,1.000,9.000,1.000,2.000,0.000,1.000,2.000
88,1.000,34.170,5.250,2.000,9.000,4.000,0.085,0.000,0.000,0.000,1.000,2.000,290.000,7.000,2.000
89,1.000,22.170,0.585,1.000,1.000,1.000,0.000,0.000,0.000,0.000,0.000,2.000,100.000,1.000,1.000
90,1.000,27.750,1.290,2.000,4.000,8.000,0.250,0.000,0.000,0.000,1.000,1.000,140.000,1.000,1.000
91,1.000,42.750,4.085,2.000,6.000,4.000,0.040,0.000,0.000,0.000,0.000,2.000,108.000,101.000,1.000
92,1.000,28.670,14.500,2.000,2.000,4.000,0.125,0.000,0.000,0.000,0.000,2.000,0.000,287.000,1.000
93,1.000,36.250,5.000,2.000,8.000,5.000,2.500,1.000,1.000,6.000,0.000,2.000,0.000,368.000,2.000
94,0.000,18.170,10.000,1.000,11.000,8.000,0.165,0.000,0.000,0.000,0.000,2.000,340.000,1.000,1.000
95,1.000,21.250,1.500,2.000,9.000,4.000,1.500,0.000,0.000,0.000,0.000,2.000,150.000,9.000,2.000
96,0.000,38.920,1.665,2.000,6.000,4.000,0.250,0.000,0.000,0.000,0.000,2.000,0.000,391.000,1.000
97,1.000,31.830,0.040,1.000,7.000,4.000,0.040,0.000,0.000,0.000,0.000,2.000,0.000,1.000,1.000
98,0.000,17.330,9.500,2.000,6.000,4.000,1.750,0.000,1.000,10.000,1.000,2.000,0.000,11.000,1.000
99,0.000,20.420,0.835,2.000,11.000,4.000,1.585,1.000,1.000,1.000,0.000,2.000,0.000,1.000,2.000
100,0.000,39.080,4.000,2.000,8.000,4.000,3.000,0.000,0.000,0.000,0.000,2.000,480.000,1.000,1.000
101,1.000,38.670,0.210,2.000,4.000,4.000,0.085,1.000,0.000,0.000,1.000,2.000,280.000,1.000,2.000
102,1.000,27.670,13.750,2.000,9.000,4.000,5.750,1.000,0.000,0.000,1.000,2.000,487.000,501.000,2.000
103,1.000,27.750,0.585,1.000,13.000,4.000,0.250,1.000,1.000,2.000,0.000,2.000,260.000,501.000,2.000
104,1.000,19.000,0.000,1.000,1.000,1.000,0.000,0.000,1.000,4.000,0.000,2.000,45.000,2.000,1.000
105,0.000,25.000,0.875,2.000,14.000,8.000,1.040,1.000,0.000,0.000,1.000,2.000,160.000,5861.000,2.000
106,1.000,27.670,2.000,2.000,14.000,8.000,1.000,1.000,1.000,4.000,0.000,2.000,140.000,7545.000,2.000
107,1.000,22.250,9.000,2.000,6.000,4.000,0.085,0.000,0.000,0.000,0.000,2.000,0.000,1.000,1.000
108,0.000,49.830,13.585,2.000,4.000,8.000,8.500,1.000,0.000,0.000,1.000,2.000,0.000,1.000,2.000
109,1.000,32.330,2.500,2.000,8.000,4.000,1.250,0.000,0.000,0.000,1.000,2.000,280.000,1.000,1.000
110,1.000,38.250,10.125,1.000,4.000,4.000,0.125,0.000,0.000,0.000,0.000,2.000,160.000,1.000,1.000
111,1.000,47.330,6.500,2.000,8.000,4.000,1.000,0.000,0.000,0.000,1.000,2.000,0.000,229.000,1.000
112,1.000,27.830,4.000,1.000,3.000,8.000,5.750,1.000,1.000,2.000,1.000,2.000,75.000,1.000,1.000
113,0.000,35.750,0.915,2.000,6.000,4.000,0.750,1.000,1.000,4.000,0.000,2.000,0.000,1584.000,2.000
114,1.000,33.580,0.250,2.000,3.000,5.000,4.000,0.000,0.000,0.000,1.000,1.000,420.000,1.000,1.000
115,1.000,34.080,0.080,1.000,7.000,5.000,0.040,1.000,1.000,1.000,1.000,2.000,280.000,2001.000,2.000
116,0.000,20.750,10.335,2.000,13.000,8.000,0.335,1.000,1.000,1.000,1.000,2.000,80.000,51.000,2.000
117,1.000,33.170,1.000,2.000,14.000,4.000,0.750,1.000,1.000,7.000,1.000,2.000,340.000,4072.000,2.000
118,1.000,22.750,11.000,2.000,11.000,4.000,2.500,1.000,1.000,7.000,1.000,2.000,100.000,810.000,2.000
119,1.000,48.750,8.500,2.000,8.000,8.000,12.500,1.000,1.000,9.000,0.000,2.000,181.000,1656.000,2.000
120,1.000,40.580,5.000,2.000,8.000,4.000,5.000,1.000,1.000,7.000,0.000,2.000,0.000,3066.000,2.000
121,1.000,20.670,0.835,1.000,8.000,4.000,2.000,0.000,0.000,0.000,1.000,1.000,240.000,1.000,1.000
122,0.000,38.750,1.500,2.000,1.000,1.000,0.000,0.000,0.000,0.000,0.000,2.000,76.000,1.000,1.000
123,0.000,57.080,19.500,2.000,8.000,4.000,5.500,1.000,1.000,7.000,0.000,2.000,0.000,3001.000,2.000
124,0.000,31.250,3.750,2.000,13.000,8.000,0.625,1.000,1.000,9.000,1.000,2.000,181.000,1.000,2.000
125,1.000,22.000,0.790,2.000,9.000,4.000,0.290,0.000,1.000,1.000,0.000,2.000,420.000,284.000,1.000
126,0.000,58.330,10.000,2.000,11.000,4.000,4.000,1.000,1.000,14.000,0.000,2.000,0.000,1603.000,2.000
127,1.000,28.920,0.375,2.000,8.000,4.000,0.290,0.000,0.000,0.000,0.000,2.000,220.000,141.000,1.000
128,0.000,46.000,4.000,2.000,5.000,3.000,0.000,1.000,0.000,0.000,0.000,2.000,100.000,961.000,2.000
129,1.000,21.000,3.000,1.000,2.000,4.000,1.085,1.000,1.000,8.000,1.000,2.000,160.000,2.000,2.000
130,0.000,24.750,12.500,2.000,6.000,4.000,1.500,1.000,1.000,12.000,1.000,2.000,120.000,568.000,2.000
131,0.000,20.830,0.500,1.000,10.000,2.000,1.000,0.000,0.000,0.000,0.000,2.000,260.000,1.000,1.000
132,1.000,24.580,13.500,1.000,1.000,1.000,0.000,0.000,0.000,0.000,0.000,2.000,184.000,1.000,1.000
133,0.000,26.500,2.710,1.000,8.000,4.000,0.085,0.000,0.000,0.000,0.000,1.000,80.000,1.000,1.000
134,1.000,40.920,0.835,2.000,1.000,1.000,0.000,1.000,0.000,0.000,0.000,2.000,130.000,2.000,1.000
135,0.000,38.330,4.415,2.000,8.000,4.000,0.125,0.000,0.000,0.000,0.000,2.000,160.000,1.000,1.000
136,1.000,19.580,0.585,2.000,1.000,1.000,0.000,0.000,1.000,3.000,0.000,2.000,350.000,770.000,1.000
137,1.000,39.250,9.500,2.000,7.000,4.000,6.500,1.000,1.000,14.000,0.000,2.000,240.000,4608.000,2.000
138,1.000,25.750,0.500,2.000,8.000,4.000,1.460,1.000,1.000,5.000,1.000,2.000,312.000,1.000,2.000
139,0.000,46.080,3.000,2.000,8.000,4.000,2.375,1.000,1.000,8.000,1.000,2.000,396.000,4160.000,2.000
140,1.000,19.670,10.000,1.000,4.000,8.000,0.835,1.000,0.000,0.000,1.000,2.000,140.000,1.000,1.000
141,0.000,22.250,1.250,1.000,1.000,1.000,3.250,0.000,0.000,0.000,0.000,2.000,280.000,1.000,1.000
142,1.000,18.830,3.540,1.000,1.000,1.000,0.000,0.000,0.000,0.000,1.000,2.000,180.000,2.000,1.000
143,1.000,64.080,20.000,2.000,14.000,8.000,17.500,1.000,1.000,9.000,1.000,2.000,0.000,1001.000,2.000
144,0.000,16.500,1.250,2.000,11.000,4.000,0.250,0.000,1.000,1.000,0.000,2.000,108.000,99.000,1.000
145,0.000,68.670,15.000,2.000,10.000,9.000,0.000,1.000,1.000,14.000,0.000,2.000,0.000,3377.000,2.000
146,1.000,76.750,22.290,2.000,10.000,9.000,12.750,1.000,1.000,1.000,1.000,2.000,0.000,110.000,2.000
147,0.000,15.920,2.875,2.000,11.000,4.000,0.085,0.000,0.000,0.000,0.000,2.000,120.000,1.000,1.000
148,1.000,34.830,4.000,2.000,2.000,5.000,12.500,1.000,0.000,0.000,1.000,2.000,184.000,1.000,1.000
149,0.000,47.420,8.000,2.000,10.000,5.000,6.500,1.000,1.000,6.000,0.000,2.000,375.000,51101.000,2.000
150,1.000,23.170,0.000,2.000,8.000,4.000,0.000,0.000,0.000,0.000,0.000,3.000,184.000,1.000,2.000
151,1.000,45.170,1.500,2.000,8.000,4.000,2.500,1.000,0.000,0.000,1.000,2.000,140.000,1.000,1.000
152,1.000,15.170,7.000,2.000,10.000,4.000,1.000,0.000,0.000,0.000,0.000,2.000,600.000,1.000,1.000
153,1.000,18.830,0.415,1.000,8.000,4.000,0.165,0.000,1.000,1.000,0.000,2.000,200.000,2.000,1.000
154,1.000,52.500,6.500,2.000,4.000,4.000,6.290,1.000,1.000,15.000,0.000,2.000,0.000,11203.000,2.000
155,1.000,19.170,0.000,1.000,7.000,5.000,0.000,0.000,0.000,0.000,1.000,1.000,500.000,2.000,2.000
156,1.000,18.000,0.165,2.000,11.000,7.000,0.210,0.000,0.000,0.000,0.000,2.000,200.000,41.000,2.000
157,1.000,37.500,0.835,2.000,10.000,4.000,0.040,0.000,0.000,0.000,0.000,2.000,120.000,6.000,1.000
158,1.000,22.670,1.585,1.000,9.000,4.000,3.085,1.000,1.000,6.000,0.000,2.000,80.000,1.000,2.000
159,1.000,47.830,4.165,2.000,14.000,5.000,0.085,0.000,0.000,0.000,1.000,2.000,520.000,1.000,1.000
160,1.000,34.080,2.500,2.000,8.000,4.000,1.000,0.000,0.000,0.000,0.000,2.000,460.000,17.000,1.000
161,0.000,33.080,1.625,2.000,2.000,4.000,0.540,0.000,0.000,0.000,1.000,2.000,0.000,1.000,1.000
162,1.000,43.080,0.375,1.000,8.000,4.000,0.375,1.000,1.000,8.000,1.000,2.000,300.000,163.000,2.000
163,1.000,34.500,4.040,1.000,3.000,5.000,8.500,1.000,1.000,7.000,1.000,2.000,195.000,1.000,2.000
164,1.000,42.750,3.000,2.000,3.000,5.000,1.000,1.000,0.000,0.000,0.000,2.000,0.000,201.000,1.000
165,1.000,18.250,0.165,2.000,2.000,4.000,0.250,0.000,0.000,0.000,1.000,1.000,280.000,1.000,1.000
166,1.000,23.080,2.500,2.000,1.000,1.000,0.085,0.000,0.000,0.000,1.000,2.000,100.000,4209.000,1.000
167,0.000,22.500,8.460,1.000,14.000,4.000,2.460,0.000,0.000,0.000,0.000,2.000,164.000,1.000,2.000
168,1.000,17.920,0.205,2.000,6.000,4.000,0.040,0.000,0.000,0.000,0.000,2.000,280.000,751.000,1.000
169,1.000,18.420,10.415,1.000,6.000,4.000,0.125,1.000,0.000,0.000,0.000,2.000,120.000,376.000,1.000
170,0.000,27.670,1.500,2.000,7.000,4.000,2.000,1.000,0.000,0.000,0.000,1.000,368.000,1.000,1.000
171,0.000,18.920,9.250,1.000,8.000,4.000,1.000,1.000,1.000,4.000,1.000,2.000,80.000,501.000,2.000
172,1.000,22.670,0.750,2.000,3.000,4.000,1.585,0.000,1.000,1.000,1.000,2.000,400.000,10.000,1.000
173,1.000,62.500,12.750,1.000,8.000,8.000,5.000,1.000,0.000,0.000,0.000,2.000,112.000,1.000,1.000
174,0.000,23.500,9.000,2.000,11.000,4.000,8.500,1.000,1.000,5.000,1.000,2.000,120.000,1.000,2.000
175,1.000,35.250,3.165,2.000,14.000,8.000,3.750,1.000,0.000,0.000,1.000,2.000,680.000,1.000,1.000
176,0.000,56.830,4.250,1.000,1.000,1.000,5.000,0.000,0.000,0.000,1.000,2.000,0.000,5.000,1.000
177,0.000,53.330,0.165,2.000,1.000,1.000,0.000,0.000,0.000,0.000,1.000,1.000,62.000,28.000,1.000
178,1.000,41.170,4.040,2.000,13.000,8.000,7.000,1.000,1.000,8.000,0.000,2.000,320.000,1.000,2.000
179,1.000,42.170,5.040,2.000,11.000,8.000,12.750,1.000,0.000,0.000,1.000,2.000,92.000,1.000,2.000
180,1.000,41.170,1.250,1.000,9.000,4.000,0.250,0.000,0.000,0.000,0.000,2.000,0.000,196.000,1.000
181,0.000,33.750,0.750,2.000,4.000,5.000,1.000,1.000,1.000,3.000,1.000,2.000,212.000,1.000,1.000
182,1.000,25.670,12.500,2.000,13.000,4.000,1.210,1.000,1.000,67.000,1.000,2.000,140.000,259.000,2.000
183,1.000,24.330,6.625,1.000,2.000,4.000,5.500,1.000,0.000,0.000,1.000,1.000,100.000,1.000,2.000
184,1.000,23.330,11.625,1.000,9.000,4.000,0.835,1.000,0.000,0.000,1.000,2.000,160.000,301.000,2.000
185,1.000,30.670,2.500,2.000,13.000,8.000,2.250,0.000,0.000,0.000,1.000,1.000,340.000,1.000,1.000
186,1.000,37.170,4.000,2.000,8.000,5.000,5.000,1.000,0.000,0.000,1.000,1.000,280.000,1.000,1.000
187,1.000,26.250,1.540,2.000,9.000,4.000,0.125,0.000,0.000,0.000,0.000,2.000,100.000,1.000,1.000
188,0.000,29.750,0.665,2.000,9.000,4.000,0.250,0.000,0.000,0.000,1.000,2.000,300.000,1.000,1.000
189,0.000,23.000,1.835,2.000,5.000,3.000,0.000,0.000,1.000,1.000,0.000,2.000,200.000,54.000,1.000
190,1.000,17.250,3.000,2.000,4.000,4.000,0.040,0.000,0.000,0.000,1.000,2.000,160.000,41.000,1.000
191,1.000,29.250,14.790,2.000,6.000,4.000,5.040,1.000,1.000,5.000,1.000,2.000,168.000,1.000,2.000
192,0.000,28.580,3.540,2.000,3.000,5.000,0.500,1.000,0.000,0.000,1.000,2.000,171.000,1.000,1.000
193,1.000,34.580,0.000,2.000,8.000,4.000,0.000,0.000,0.000,0.000,0.000,3.000,184.000,1.000,1.000
194,1.000,23.420,0.585,2.000,8.000,8.000,0.085,1.000,0.000,0.000,0.000,2.000,180.000,1.000,1.000
195,1.000,25.000,11.250,2.000,8.000,4.000,2.500,1.000,1.000,17.000,0.000,2.000,200.000,1209.000,2.000
196,0.000,18.750,7.500,2.000,11.000,4.000,2.710,1.000,1.000,5.000,0.000,2.000,184.000,26727.000,2.000
197,1.000,17.080,0.250,2.000,11.000,4.000,0.335,0.000,1.000,4.000,0.000,2.000,160.000,9.000,1.000
198,0.000,16.080,0.335,2.000,1.000,1.000,0.000,0.000,1.000,1.000,0.000,2.000,160.000,127.000,1.000
199,1.000,32.920,2.500,2.000,6.000,4.000,1.750,0.000,1.000,2.000,1.000,2.000,720.000,1.000,1.000
200,0.000,20.330,10.000,2.000,8.000,8.000,1.000,1.000,1.000,4.000,0.000,2.000,50.000,1466.000,2.000
201,0.000,21.750,1.750,1.000,5.000,3.000,0.000,0.000,0.000,0.000,0.000,2.000,160.000,1.000,1.000
202,1.000,33.170,1.040,2.000,12.000,8.000,6.500,1.000,0.000,0.000,1.000,2.000,164.000,31286.000,2.000
203,0.000,25.330,2.085,2.000,8.000,8.000,2.750,1.000,0.000,0.000,1.000,2.000,360.000,2.000,1.000
204,0.000,24.750,3.000,2.000,11.000,8.000,1.835,1.000,1.000,19.000,0.000,2.000,0.000,501.000,2.000
205,1.000,30.830,0.000,2.000,9.000,4.000,1.250,1.000,1.000,1.000,0.000,2.000,202.000,1.000,2.000
206,1.000,20.750,5.085,1.000,5.000,4.000,0.290,0.000,0.000,0.000,0.000,2.000,140.000,185.000,1.000
207,0.000,40.330,8.125,1.000,4.000,4.000,0.165,0.000,1.000,2.000,0.000,2.000,184.000,19.000,1.000
208,1.000,29.420,1.250,2.000,8.000,8.000,0.250,0.000,1.000,2.000,1.000,2.000,400.000,109.000,1.000
209,1.000,40.920,0.500,1.000,7.000,4.000,0.500,0.000,0.000,0.000,1.000,2.000,130.000,1.000,1.000
210,0.000,29.500,0.460,2.000,4.000,4.000,0.540,1.000,1.000,4.000,0.000,2.000,380.000,501.000,2.000
211,1.000,54.420,0.500,1.000,4.000,8.000,3.960,1.000,0.000,0.000,0.000,2.000,180.000,315.000,2.000
212,1.000,34.000,5.500,1.000,8.000,4.000,1.500,0.000,0.000,0.000,1.000,2.000,60.000,1.000,1.000
213,1.000,25.000,12.000,2.000,4.000,4.000,2.250,1.000,1.000,2.000,1.000,2.000,120.000,6.000,1.000
214,0.000,26.580,2.540,1.000,1.000,1.000,0.000,0.000,0.000,0.000,1.000,2.000,180.000,61.000,1.000
215,0.000,33.080,4.625,2.000,11.000,8.000,1.625,1.000,1.000,2.000,0.000,2.000,0.000,1.000,2.000
216,1.000,33.670,2.165,2.000,8.000,4.000,1.500,0.000,0.000,0.000,0.000,3.000,120.000,1.000,1.000
217,1.000,36.170,5.500,2.000,3.000,5.000,5.000,0.000,0.000,0.000,0.000,2.000,210.000,688.000,1.000
218,1.000,19.500,0.290,2.000,4.000,4.000,0.290,0.000,0.000,0.000,0.000,2.000,280.000,365.000,1.000
219,1.000,24.170,0.875,2.000,11.000,4.000,4.625,1.000,1.000,2.000,1.000,2.000,520.000,2001.000,2.000
220,0.000,30.500,6.500,2.000,8.000,5.000,4.000,1.000,1.000,7.000,1.000,2.000,0.000,3066.000,2.000
221,1.000,20.000,7.000,2.000,8.000,4.000,0.500,0.000,0.000,0.000,0.000,2.000,0.000,1.000,1.000
222,1.000,25.330,0.580,2.000,8.000,4.000,0.290,1.000,1.000,7.000,1.000,2.000,96.000,5125.000,2.000
223,1.000,29.580,4.750,2.000,7.000,4.000,2.000,0.000,1.000,1.000,1.000,2.000,460.000,69.000,1.000
224,1.000,43.170,2.250,2.000,3.000,5.000,0.750,1.000,0.000,0.000,0.000,2.000,560.000,1.000,1.000
225,1.000,28.750,1.165,2.000,4.000,4.000,0.500,1.000,0.000,0.000,0.000,1.000,280.000,1.000,1.000
226,1.000,31.570,3.000,1.000,3.000,5.000,7.000,0.000,0.000,0.000,0.000,2.000,0.000,2.000,1.000
227,1.000,20.250,9.960,2.000,10.000,2.000,0.000,1.000,0.000,0.000,0.000,2.000,0.000,1.000,2.000
228,1.000,45.000,8.500,2.000,13.000,8.000,14.000,1.000,1.000,1.000,1.000,2.000,88.000,2001.000,2.000
229,0.000,22.830,2.290,2.000,11.000,8.000,2.290,1.000,1.000,7.000,1.000,2.000,140.000,2385.000,2.000
230,0.000,20.670,3.000,2.000,11.000,4.000,0.165,1.000,1.000,3.000,0.000,2.000,100.000,7.000,2.000
231,1.000,27.830,1.500,2.000,9.000,4.000,2.250,0.000,1.000,1.000,1.000,2.000,100.000,4.000,1.000
232,1.000,40.920,2.250,1.000,14.000,8.000,10.000,1.000,0.000,0.000,1.000,2.000,176.000,1.000,1.000
233,1.000,56.420,28.000,1.000,8.000,4.000,28.500,1.000,1.000,40.000,0.000,2.000,0.000,16.000,2.000
234,0.000,64.080,0.165,2.000,1.000,1.000,0.000,1.000,1.000,1.000,0.000,2.000,232.000,101.000,2.000
235,0.000,22.420,11.250,1.000,14.000,8.000,0.750,1.000,1.000,4.000,0.000,2.000,0.000,322.000,2.000
236,0.000,24.330,2.500,1.000,3.000,5.000,4.500,0.000,0.000,0.000,0.000,2.000,200.000,457.000,1.000
237,0.000,69.500,6.000,2.000,1.000,1.000,0.000,0.000,0.000,0.000,0.000,1.000,0.000,1.000,1.000
238,1.000,35.580,0.750,2.000,4.000,4.000,1.500,0.000,0.000,0.000,1.000,2.000,231.000,1.000,1.000
239,1.000,48.330,12.000,2.000,7.000,4.000,16.000,1.000,0.000,0.000,0.000,1.000,110.000,1.000,2.000
240,0.000,28.080,15.000,1.000,10.000,9.000,0.000,1.000,0.000,0.000,0.000,2.000,0.000,13213.000,2.000
241,1.000,35.170,2.500,2.000,4.000,4.000,4.500,1.000,1.000,7.000,0.000,2.000,150.000,1271.000,2.000
242,1.000,49.500,7.585,2.000,3.000,5.000,7.585,1.000,1.000,15.000,1.000,2.000,0.000,5001.000,2.000
243,1.000,80.250,5.500,2.000,8.000,4.000,0.540,1.000,0.000,0.000,0.000,2.000,0.000,341.000,1.000
244,1.000,29.250,13.000,2.000,2.000,8.000,0.500,0.000,0.000,0.000,0.000,2.000,228.000,1.000,1.000
245,0.000,16.920,0.500,2.000,3.000,4.000,0.165,0.000,1.000,6.000,1.000,2.000,240.000,36.000,1.000
246,0.000,16.000,0.165,2.000,6.000,4.000,1.000,0.000,1.000,2.000,1.000,2.000,320.000,2.000,1.000
247,1.000,60.080,14.500,2.000,1.000,1.000,18.000,1.000,1.000,15.000,1.000,2.000,0.000,1001.000,2.000
248,1.000,28.000,2.000,2.000,4.000,8.000,4.165,1.000,1.000,2.000,1.000,2.000,181.000,1.000,2.000
249,1.000,41.500,1.540,2.000,3.000,5.000,3.500,0.000,0.000,0.000,0.000,2.000,216.000,1.000,2.000
250,1.000,24.080,9.000,2.000,6.000,4.000,0.250,0.000,0.000,0.000,1.000,2.000,0.000,1.000,1.000
251,1.000,24.500,13.335,1.000,6.000,4.000,0.040,0.000,0.000,0.000,1.000,2.000,120.000,476.000,1.000
252,1.000,34.750,15.000,2.000,12.000,7.000,5.375,1.000,1.000,9.000,1.000,2.000,0.000,135.000,2.000
253,1.000,33.670,1.250,2.000,9.000,4.000,1.165,0.000,0.000,0.000,0.000,2.000,120.000,1.000,1.000
254,0.000,40.830,10.000,2.000,11.000,8.000,1.750,1.000,0.000,0.000,0.000,2.000,29.000,838.000,2.000
255,1.000,20.420,1.835,2.000,8.000,4.000,2.250,1.000,1.000,1.000,0.000,2.000,100.000,151.000,2.000
256,1.000,37.500,1.125,1.000,2.000,4.000,1.500,0.000,0.000,0.000,1.000,2.000,431.000,1.000,2.000
257,1.000,48.500,4.250,2.000,7.000,4.000,0.125,1.000,0.000,0.000,1.000,2.000,225.000,1.000,2.000
258,1.000,23.000,0.750,2.000,7.000,4.000,0.500,0.000,0.000,0.000,1.000,1.000,320.000,1.000,1.000
259,1.000,35.000,3.375,2.000,8.000,8.000,8.290,0.000,0.000,0.000,1.000,2.000,0.000,1.000,1.000
260,1.000,16.330,2.750,2.000,6.000,4.000,0.665,0.000,1.000,1.000,0.000,2.000,80.000,22.000,1.000
261,1.000,22.670,10.500,2.000,11.000,8.000,1.335,1.000,0.000,0.000,0.000,2.000,100.000,1.000,2.000
262,0.000,21.750,11.750,2.000,8.000,4.000,0.250,0.000,0.000,0.000,1.000,2.000,180.000,1.000,1.000
263,0.000,25.080,2.540,1.000,6.000,4.000,0.250,1.000,0.000,0.000,1.000,2.000,370.000,1.000,2.000
264,1.000,36.330,2.125,1.000,9.000,4.000,0.085,1.000,1.000,1.000,0.000,2.000,50.000,1188.000,2.000
265,0.000,28.580,3.750,2.000,8.000,4.000,0.250,0.000,1.000,1.000,1.000,2.000,40.000,155.000,1.000
266,1.000,22.170,12.125,2.000,8.000,4.000,3.335,0.000,1.000,2.000,1.000,2.000,180.000,174.000,1.000
267,1.000,34.170,1.540,2.000,13.000,4.000,1.540,1.000,1.000,1.000,1.000,2.000,520.000,50001.000,2.000
268,1.000,35.000,2.500,2.000,3.000,4.000,1.000,0.000,0.000,0.000,1.000,2.000,210.000,1.000,1.000
269,1.000,28.580,3.625,2.000,6.000,4.000,0.250,0.000,0.000,0.000,1.000,2.000,100.000,1.000,1.000
270,0.000,19.170,5.415,2.000,3.000,8.000,0.290,0.000,0.000,0.000,0.000,2.000,80.000,485.000,1.000
271,1.000,23.250,1.000,2.000,8.000,4.000,0.835,1.000,0.000,0.000,0.000,1.000,300.000,1.000,2.000
272,1.000,16.500,0.125,2.000,8.000,4.000,0.165,0.000,0.000,0.000,0.000,2.000,132.000,1.000,1.000
273,0.000,20.080,0.125,2.000,11.000,4.000,1.000,0.000,1.000,1.000,0.000,2.000,240.000,769.000,2.000
274,1.000,22.330,11.000,2.000,9.000,4.000,2.000,1.000,1.000,1.000,0.000,2.000,80.000,279.000,2.000
275,1.000,34.000,5.085,1.000,3.000,5.000,1.085,0.000,0.000,0.000,1.000,2.000,480.000,1.000,1.000
276,0.000,57.080,0.335,2.000,3.000,5.000,1.000,1.000,0.000,0.000,1.000,2.000,252.000,2198.000,1.000
277,1.000,16.250,0.835,2.000,7.000,4.000,0.085,1.000,0.000,0.000,0.000,1.000,200.000,1.000,1.000
278,1.000,32.830,2.500,2.000,13.000,8.000,2.750,1.000,1.000,6.000,0.000,2.000,160.000,2073.000,2.000
279,1.000,48.250,25.085,2.000,9.000,4.000,1.750,1.000,1.000,3.000,0.000,2.000,120.000,15.000,2.000
280,1.000,34.170,2.750,2.000,3.000,5.000,2.500,0.000,0.000,0.000,1.000,2.000,232.000,201.000,1.000
281,1.000,18.330,1.210,1.000,10.000,2.000,0.000,0.000,0.000,0.000,0.000,2.000,100.000,1.000,1.000
282,1.000,44.250,0.500,2.000,7.000,4.000,10.750,1.000,0.000,0.000,0.000,1.000,400.000,1.000,1.000
283,1.000,38.920,1.750,2.000,4.000,4.000,0.500,0.000,0.000,0.000,1.000,2.000,300.000,3.000,1.000
284,1.000,31.580,0.750,1.000,6.000,4.000,3.500,0.000,0.000,0.000,1.000,2.000,320.000,1.000,1.000
285,1.000,25.080,1.710,2.000,14.000,4.000,1.665,1.000,1.000,1.000,1.000,2.000,395.000,21.000,2.000
286,1.000,65.420,11.000,2.000,10.000,9.000,20.000,1.000,1.000,7.000,1.000,2.000,22.000,1.000,2.000
287,1.000,41.330,0.000,2.000,8.000,5.000,15.000,1.000,0.000,0.000,0.000,2.000,0.000,1.000,2.000
288,1.000,31.250,1.125,2.000,1.000,1.000,0.000,0.000,1.000,1.000,0.000,2.000,96.000,20.000,1.000
289,0.000,36.750,4.710,2.000,1.000,1.000,0.000,0.000,0.000,0.000,0.000,2.000,160.000,1.000,1.000
290,1.000,32.330,7.500,2.000,10.000,5.000,1.585,1.000,0.000,0.000,1.000,1.000,420.000,1.000,1.000
291,0.000,31.920,3.125,2.000,1.000,1.000,3.040,0.000,1.000,2.000,1.000,2.000,200.000,5.000,1.000
292,1.000,24.830,2.750,2.000,8.000,4.000,2.250,1.000,1.000,6.000,0.000,2.000,184.000,601.000,2.000
293,1.000,21.920,0.540,1.000,14.000,4.000,0.040,1.000,1.000,1.000,1.000,2.000,840.000,60.000,2.000
294,1.000,34.250,3.000,2.000,13.000,8.000,7.415,1.000,0.000,0.000,1.000,2.000,0.000,1.000,2.000
295,1.000,51.830,3.000,1.000,1.000,1.000,1.500,0.000,0.000,0.000,0.000,2.000,180.000,5.000,1.000
296,0.000,31.570,1.500,2.000,1.000,1.000,0.000,0.000,1.000,2.000,1.000,2.000,200.000,106.000,1.000
297,1.000,38.420,0.705,2.000,8.000,4.000,0.375,0.000,1.000,2.000,0.000,2.000,225.000,501.000,1.000
298,1.000,39.170,1.710,2.000,14.000,4.000,0.125,1.000,1.000,5.000,1.000,2.000,480.000,1.000,2.000
299,1.000,18.170,2.460,2.000,8.000,7.000,0.960,0.000,1.000,2.000,1.000,2.000,160.000,588.000,1.000
300,1.000,39.000,5.000,2.000,13.000,4.000,3.500,1.000,1.000,10.000,1.000,2.000,0.000,1.000,2.000
301,1.000,20.000,11.045,2.000,8.000,4.000,2.000,0.000,0.000,0.000,1.000,2.000,136.000,1.000,1.000
302,1.000,32.750,2.335,2.000,2.000,8.000,5.750,0.000,0.000,0.000,1.000,2.000,292.000,1.000,1.000
303,1.000,18.580,5.710,2.000,2.000,4.000,0.540,0.000,0.000,0.000,0.000,2.000,120.000,1.000,1.000
304,0.000,15.830,7.625,2.000,11.000,4.000,0.125,0.000,1.000,1.000,1.000,2.000,0.000,161.000,1.000
305,1.000,39.330,5.875,2.000,13.000,8.000,10.000,1.000,1.000,14.000,1.000,2.000,399.000,1.000,2.000
306,0.000,19.580,0.665,2.000,9.000,4.000,1.665,0.000,0.000,0.000,0.000,2.000,220.000,6.000,1.000
307,1.000,21.330,10.500,2.000,8.000,4.000,3.000,1.000,0.000,0.000,1.000,2.000,0.000,1.000,2.000
308,0.000,22.670,0.750,2.000,8.000,4.000,2.000,0.000,1.000,2.000,1.000,2.000,200.000,395.000,1.000
309,1.000,25.670,3.250,2.000,8.000,8.000,2.290,0.000,1.000,1.000,1.000,2.000,416.000,22.000,1.000
310,1.000,21.080,10.085,1.000,10.000,8.000,1.250,0.000,0.000,0.000,0.000,2.000,260.000,1.000,1.000
311,0.000,49.000,1.500,2.000,5.000,3.000,0.000,1.000,0.000,0.000,1.000,2.000,100.000,28.000,1.000
312,1.000,20.670,5.290,2.000,11.000,4.000,0.375,1.000,1.000,1.000,0.000,2.000,160.000,1.000,1.000
313,0.000,19.670,0.210,2.000,11.000,8.000,0.290,1.000,1.000,11.000,0.000,2.000,80.000,100.000,2.000
314,1.000,21.830,0.250,2.000,2.000,8.000,0.665,1.000,0.000,0.000,1.000,2.000,0.000,1.000,2.000
315,1.000,26.830,0.540,2.000,4.000,1.000,0.000,0.000,0.000,0.000,0.000,2.000,100.000,1.000,1.000
316,0.000,38.580,5.000,2.000,13.000,4.000,13.500,1.000,0.000,0.000,1.000,2.000,980.000,1.000,1.000
317,0.000,50.080,12.540,2.000,6.000,4.000,2.290,1.000,1.000,3.000,1.000,2.000,156.000,1.000,2.000
318,0.000,15.750,0.375,2.000,8.000,4.000,1.000,0.000,0.000,0.000,0.000,2.000,120.000,19.000,1.000
319,0.000,24.500,12.750,2.000,8.000,5.000,4.750,1.000,1.000,2.000,0.000,2.000,73.000,445.000,2.000
320,1.000,21.000,4.790,1.000,9.000,4.000,2.250,1.000,1.000,1.000,1.000,2.000,80.000,301.000,2.000
321,1.000,22.080,11.000,2.000,13.000,4.000,0.665,1.000,0.000,0.000,0.000,2.000,100.000,1.000,2.000
322,1.000,54.580,9.415,2.000,1.000,1.000,14.415,1.000,1.000,11.000,1.000,2.000,30.000,301.000,2.000
323,1.000,18.080,5.500,2.000,4.000,4.000,0.500,1.000,0.000,0.000,0.000,2.000,80.000,1.000,2.000
324,1.000,36.670,4.415,1.000,4.000,4.000,0.250,1.000,1.000,10.000,1.000,2.000,320.000,1.000,2.000
325,1.000,38.170,10.125,2.000,14.000,4.000,2.500,1.000,1.000,6.000,0.000,2.000,520.000,197.000,2.000
326,1.000,21.830,1.540,2.000,4.000,4.000,0.085,0.000,0.000,0.000,1.000,2.000,356.000,1.000,1.000
327,0.000,51.920,6.500,2.000,3.000,5.000,3.085,0.000,0.000,0.000,1.000,2.000,73.000,1.000,1.000
328,1.000,22.170,2.250,2.000,3.000,4.000,0.125,0.000,0.000,0.000,0.000,2.000,160.000,11.000,1.000
329,1.000,52.420,1.500,2.000,2.000,4.000,3.750,0.000,0.000,0.000,1.000,2.000,0.000,351.000,1.000
330,0.000,60.920,5.000,2.000,6.000,4.000,4.000,1.000,1.000,4.000,0.000,2.000,0.000,100.000,2.000
331,1.000,20.170,5.625,2.000,9.000,4.000,1.710,1.000,0.000,0.000,0.000,1.000,120.000,1.000,2.000
332,1.000,23.250,4.000,2.000,8.000,5.000,0.250,1.000,0.000,0.000,1.000,2.000,160.000,1.000,2.000
333,1.000,36.170,0.420,1.000,9.000,4.000,0.290,0.000,0.000,0.000,1.000,2.000,309.000,3.000,1.000
334,0.000,42.250,1.750,1.000,8.000,4.000,0.000,0.000,0.000,0.000,1.000,2.000,150.000,2.000,1.000
335,1.000,23.580,0.835,2.000,3.000,8.000,0.085,0.000,0.000,0.000,1.000,2.000,220.000,6.000,1.000
336,0.000,36.000,1.000,2.000,8.000,4.000,2.000,1.000,1.000,11.000,0.000,2.000,0.000,457.000,2.000
337,1.000,39.580,5.000,2.000,1.000,1.000,0.000,0.000,1.000,2.000,0.000,2.000,17.000,2.000,1.000
338,0.000,18.830,4.415,1.000,8.000,8.000,3.000,1.000,0.000,0.000,0.000,2.000,240.000,1.000,2.000
339,1.000,27.250,0.625,2.000,6.000,4.000,0.455,1.000,0.000,0.000,1.000,2.000,200.000,1.000,1.000
340,1.000,32.420,3.000,2.000,2.000,4.000,0.165,0.000,0.000,0.000,1.000,2.000,120.000,1.000,1.000
341,1.000,19.420,1.500,1.000,13.000,4.000,2.000,1.000,0.000,0.000,1.000,2.000,100.000,21.000,1.000
342,0.000,22.580,10.750,2.000,11.000,4.000,0.415,1.000,1.000,5.000,1.000,2.000,0.000,561.000,2.000
343,1.000,39.920,6.210,2.000,11.000,4.000,0.040,1.000,1.000,1.000,0.000,2.000,200.000,301.000,2.000
344,1.000,22.670,0.165,2.000,8.000,3.000,2.250,0.000,0.000,0.000,1.000,1.000,0.000,1.000,2.000
345,0.000,23.420,0.790,1.000,11.000,4.000,1.500,1.000,1.000,2.000,1.000,2.000,80.000,401.000,2.000
346,0.000,30.000,5.290,2.000,10.000,2.000,2.250,1.000,1.000,5.000,1.000,2.000,99.000,501.000,2.000
347,0.000,40.330,7.540,1.000,11.000,8.000,8.000,1.000,1.000,14.000,0.000,2.000,0.000,2301.000,2.000
348,0.000,36.750,5.125,2.000,10.000,4.000,5.000,1.000,0.000,0.000,1.000,2.000,0.000,4001.000,2.000
349,1.000,31.000,2.085,2.000,8.000,4.000,0.085,0.000,0.000,0.000,0.000,2.000,300.000,1.000,1.000
350,0.000,25.170,2.875,2.000,14.000,8.000,0.875,1.000,0.000,0.000,0.000,2.000,360.000,1.000,2.000
351,1.000,27.420,12.500,2.000,6.000,5.000,0.250,0.000,0.000,0.000,1.000,2.000,720.000,1.000,1.000
352,1.000,31.570,4.000,2.000,14.000,4.000,5.000,1.000,1.000,3.000,1.000,2.000,290.000,2280.000,2.000
353,1.000,34.080,6.500,2.000,6.000,4.000,0.125,1.000,0.000,0.000,1.000,2.000,443.000,1.000,1.000
354,1.000,22.080,2.335,2.000,4.000,4.000,0.750,0.000,0.000,0.000,0.000,2.000,180.000,1.000,1.000
355,1.000,31.080,3.085,2.000,8.000,4.000,2.500,0.000,1.000,2.000,1.000,2.000,160.000,42.000,1.000
356,1.000,31.570,0.500,2.000,8.000,5.000,0.835,1.000,0.000,0.000,1.000,1.000,320.000,1.000,1.000
357,1.000,16.000,3.125,2.000,9.000,4.000,0.085,0.000,1.000,1.000,0.000,2.000,0.000,7.000,1.000
358,1.000,27.250,1.665,2.000,13.000,8.000,5.085,1.000,1.000,9.000,0.000,2.000,399.000,828.000,2.000
359,1.000,25.170,3.000,2.000,8.000,4.000,1.250,0.000,1.000,1.000,0.000,2.000,0.000,23.000,1.000
360,1.000,67.750,5.500,2.000,10.000,9.000,13.000,1.000,1.000,1.000,1.000,2.000,0.000,1.000,2.000
361,0.000,18.830,9.500,2.000,9.000,4.000,1.625,1.000,1.000,6.000,1.000,2.000,40.000,601.000,2.000
362,0.000,27.250,0.290,2.000,7.000,8.000,0.125,0.000,1.000,1.000,1.000,2.000,272.000,109.000,1.000
363,0.000,19.580,0.665,1.000,8.000,4.000,1.000,0.000,1.000,1.000,0.000,2.000,2000.000,3.000,1.000
364,1.000,30.750,1.585,2.000,2.000,4.000,0.585,0.000,0.000,0.000,1.000,1.000,0.000,1.000,1.000
365,0.000,50.250,0.835,2.000,6.000,4.000,0.500,0.000,0.000,0.000,1.000,2.000,240.000,118.000,1.000
366,1.000,31.080,1.500,1.000,9.000,4.000,0.040,0.000,0.000,0.000,0.000,1.000,160.000,1.000,1.000
367,1.000,51.580,15.000,2.000,8.000,4.000,8.500,1.000,1.000,9.000,0.000,2.000,0.000,1.000,2.000
368,0.000,36.580,0.290,2.000,1.000,1.000,0.000,0.000,1.000,10.000,0.000,2.000,200.000,19.000,1.000
369,1.000,33.580,2.750,2.000,7.000,4.000,4.250,1.000,1.000,6.000,0.000,2.000,204.000,1.000,2.000
370,0.000,20.830,3.000,2.000,6.000,4.000,0.040,1.000,0.000,0.000,0.000,2.000,100.000,1.000,2.000
371,1.000,36.170,18.125,2.000,9.000,4.000,0.085,0.000,0.000,0.000,0.000,2.000,320.000,3553.000,1.000
372,1.000,50.750,0.585,2.000,1.000,1.000,0.000,0.000,0.000,0.000,0.000,2.000,145.000,1.000,1.000
373,0.000,23.580,0.830,2.000,11.000,4.000,0.415,0.000,1.000,1.000,1.000,2.000,200.000,12.000,1.000
374,1.000,35.170,4.500,2.000,14.000,8.000,5.750,0.000,0.000,0.000,1.000,1.000,711.000,1.000,2.000
375,0.000,58.420,21.000,2.000,3.000,5.000,10.000,1.000,1.000,13.000,0.000,2.000,0.000,6701.000,2.000
376,1.000,28.250,0.875,2.000,7.000,4.000,0.960,1.000,1.000,3.000,1.000,2.000,396.000,1.000,2.000
377,1.000,31.570,0.625,2.000,4.000,4.000,0.250,0.000,0.000,0.000,0.000,2.000,380.000,2011.000,1.000
378,0.000,31.750,3.000,1.000,5.000,3.000,0.000,0.000,0.000,0.000,0.000,2.000,160.000,21.000,1.000
379,1.000,19.420,6.500,2.000,9.000,8.000,1.460,1.000,1.000,7.000,0.000,2.000,80.000,2955.000,2.000
380,1.000,39.080,6.000,2.000,7.000,4.000,1.290,1.000,1.000,5.000,1.000,2.000,108.000,1098.000,2.000
381,1.000,17.080,3.290,2.000,3.000,4.000,0.335,0.000,0.000,0.000,1.000,2.000,140.000,3.000,1.000
382,1.000,44.830,7.000,1.000,8.000,4.000,1.625,0.000,0.000,0.000,0.000,2.000,160.000,3.000,1.000
383,1.000,16.250,0.000,1.000,6.000,4.000,0.250,0.000,0.000,0.000,0.000,2.000,60.000,1.000,1.000
384,0.000,41.170,6.500,2.000,11.000,4.000,0.500,1.000,1.000,3.000,1.000,2.000,145.000,1.000,2.000
385,1.000,28.920,15.000,2.000,8.000,8.000,5.335,1.000,1.000,11.000,0.000,2.000,0.000,2284.000,2.000
386,0.000,26.170,2.000,2.000,5.000,3.000,0.000,0.000,0.000,0.000,1.000,2.000,276.000,2.000,1.000
387,1.000,38.580,3.335,2.000,9.000,4.000,4.000,1.000,1.000,14.000,0.000,2.000,383.000,1345.000,2.000
388,1.000,25.170,6.000,2.000,8.000,4.000,1.000,1.000,1.000,3.000,0.000,2.000,0.000,1.000,2.000
389,0.000,28.170,0.375,2.000,11.000,4.000,0.585,1.000,1.000,4.000,0.000,2.000,80.000,1.000,2.000
390,1.000,73.420,17.750,2.000,1.000,1.000,0.000,1.000,0.000,0.000,1.000,2.000,0.000,1.000,2.000
391,1.000,22.500,11.500,1.000,7.000,4.000,1.500,0.000,0.000,0.000,1.000,2.000,0.000,4001.000,1.000
392,0.000,27.170,1.250,2.000,1.000,1.000,0.000,0.000,1.000,1.000,0.000,2.000,92.000,301.000,1.000
393,0.000,19.170,8.585,2.000,13.000,8.000,0.750,1.000,1.000,7.000,0.000,2.000,96.000,1.000,2.000
394,0.000,25.580,0.000,2.000,8.000,4.000,0.000,0.000,0.000,0.000,0.000,3.000,184.000,1.000,2.000
395,1.000,31.570,0.040,1.000,2.000,4.000,4.250,0.000,0.000,0.000,1.000,2.000,460.000,1.000,1.000
396,0.000,22.500,8.500,2.000,11.000,4.000,1.750,1.000,1.000,10.000,0.000,2.000,80.000,991.000,1.000
397,0.000,22.920,1.250,2.000,11.000,4.000,0.250,0.000,0.000,0.000,1.000,2.000,120.000,810.000,1.000
398,1.000,23.250,12.625,2.000,8.000,4.000,0.125,0.000,1.000,2.000,0.000,2.000,0.000,5553.000,1.000
399,0.000,29.500,1.085,1.000,14.000,4.000,1.000,0.000,0.000,0.000,0.000,2.000,280.000,14.000,1.000
400,0.000,32.000,6.000,2.000,2.000,4.000,1.250,0.000,0.000,0.000,0.000,2.000,272.000,1.000,1.000
401,1.000,27.000,1.500,1.000,9.000,4.000,0.375,1.000,0.000,0.000,1.000,2.000,260.000,1066.000,2.000
402,1.000,19.330,10.915,2.000,8.000,5.000,0.585,0.000,1.000,2.000,1.000,2.000,200.000,8.000,1.000
403,1.000,35.750,2.415,2.000,9.000,4.000,0.125,0.000,1.000,2.000,0.000,2.000,220.000,2.000,1.000
404,1.000,18.830,0.000,2.000,11.000,4.000,0.665,0.000,0.000,0.000,0.000,2.000,160.000,2.000,1.000
405,0.000,28.750,3.750,2.000,8.000,4.000,1.085,1.000,1.000,1.000,1.000,2.000,371.000,1.000,2.000
406,1.000,34.420,4.250,2.000,3.000,5.000,3.250,1.000,1.000,2.000,0.000,2.000,274.000,611.000,2.000
407,0.000,33.250,3.000,1.000,6.000,4.000,2.000,0.000,0.000,0.000,0.000,2.000,180.000,1.000,1.000
408,1.000,53.920,9.625,2.000,10.000,4.000,8.665,1.000,1.000,5.000,0.000,2.000,0.000,1.000,2.000
409,1.000,25.250,1.000,2.000,6.000,4.000,0.500,0.000,0.000,0.000,0.000,2.000,200.000,1.000,1.000
410,1.000,32.420,2.165,1.000,4.000,1.000,0.000,0.000,0.000,0.000,0.000,2.000,120.000,1.000,1.000
411,0.000,21.080,5.000,1.000,1.000,1.000,0.000,0.000,0.000,0.000,0.000,2.000,0.000,1.000,1.000
412,0.000,56.500,16.000,2.000,5.000,1.000,0.000,1.000,1.000,15.000,0.000,2.000,0.000,248.000,2.000
413,1.000,32.250,0.165,1.000,8.000,8.000,3.250,1.000,1.000,1.000,1.000,2.000,432.000,8001.000,2.000
414,0.000,20.500,11.835,2.000,8.000,8.000,6.000,1.000,0.000,0.000,0.000,2.000,340.000,1.000,2.000
415,0.000,30.250,5.500,2.000,4.000,4.000,5.500,0.000,0.000,0.000,1.000,1.000,100.000,1.000,1.000
